[?25l[0m[38;2;0;0;1;48;2;0;0;2m▆ [38;2;0;0;3m▁ ▁╷▁▂▄▃▄▃▃[38;2;0;0;4;48;2;0;0;3m▁▃▂▄▄▂[38;2;0;0;5m▂▃[38;2;0;0;6;48;2;0;0;4m▁[38;2;0;0;5;48;2;0;0;3m▃[38;2;0;0;6;48;2;0;0;4m▂[38;2;0;0;5m▂▄[38;2;0;0;6m▂[38;2;0;0;7;48;2;0;0;5m▁[38;2;0;0;6;48;2;0;0;4m▅[38;2;0;0;7m▃[38;2;0;0;8;48;2;0;0;5m▂▃▃▃[38;2;1;0;9m▂[38;2;0;0;8;48;2;0;0;4m▄[38;2;0;0;9;48;2;0;0;5m▁[38;2;0;0;4;48;2;1;0;7m╴[38;2;1;0;8;48;2;0;0;5m▂[38;2;0;0;10;48;2;0;0;6m▁[38;2;1;0;8;48;2;0;0;5m▂[38;2;0;0;7;48;2;2;0;9m┈[38;2;0;0;9;48;2;0;0;5m▃[38;2;1;0;13m▃[48;2;0;0;4m▄▄[38;2;1;0;11m▅[38;2;1;0;12;48;2;0;0;5m▖[38;2;0;0;8m▂▃[38;2;1;0;12;48;2;0;0;6m▂[48;2;0;0;5m▃[38;2;1;0;13;48;2;0;0;6m▂[38;2;1;0;9;48;2;0;0;5m▂[38;2;0;0;8m▄[38;2;0;0;7m▃▂▂[48;2;0;0;4m▂▂▂▂[38;2;0;0;6m▃[38;2;0;0;5m▄[38;2;0;0;6m▃▃[38;2;0;0;5m▂[38;2;0;0;6m▃▂▂[38;2;0;0;5m▃[38;2;0;0;6m▃[38;2;0;0;5m▂▁  [38;2;0;0;4;48;2;0;0;3m╷▅ [48;2;0;0;2m [0m
[38;2;0;0;3;48;2;0;0;2m▁[48;2;0;0;3m   [48;2;0;0;4m [38;2;0;0;5m▁▂▂▃[38;2;0;0;6m▅[38;2;0;0;8m▁[38;2;0;0;6m▃[38;2;0;0;7;48;2;0;0;5m▁▂[38;2;1;0;7;48;2;0;0;6m▂[38;2;0;0;7;48;2;0;0;5m▅[38;2;4;1;18;48;2;0;0;6m╷[38;2;1;0;8;48;2;0;0;7m▗[38;2;18;5;59;48;2;4;1;26m┏[38;2;5;4;42;48;2;0;0;7m▏[38;2;1;0;10m▂[48;2;1;0;8m▁[38;2;1;0;12m▂[38;2;1;0;7;48;2;1;0;9m┊[38;2;1;0;12;48;2;1;0;8m▃[38;2;1;0;9;48;2;1;0;11m┊[38;2;1;0;10;48;2;2;0;13m┊[38;2;1;0;11;48;2;4;1;18m┊[38;2;2;1;17;48;2;1;0;12m▂[38;2;1;0;13;48;2;2;0;15m┊[38;2;2;1;17;48;2;1;0;12m▃[38;2;2;2;23;48;2;1;0;13m▁[38;2;1;0;18m▃[38;2;2;1;23m▄[38;2;46;29;82;48;2;9;5;30m┌[38;2;12;0;29;48;2;3;2;22m╴[38;2;18;20;81;48;2;3;2;24m╷[38;2;3;2;28;48;2;1;1;16m▃[38;2;4;2;30m▂[38;2;2;2;22;48;2;1;1;13m▃[38;2;2;2;24;48;2;1;0;14m▂[38;2;1;1;15;48;2;2;4;21m┊[38;2;3;2;26;48;2;2;0;18m▄[38;2;2;1;26;48;2;2;2;27m┊[38;2;3;1;22;48;2;3;4;29m┊[38;2;2;1;19;48;2;5;1;23m╴[38;2;4;3;29;48;2;3;1;20m▂[38;2;23;1;40;48;2;4;1;22m╻[38;2;25;2;45;48;2;3;1;18m╴[38;2;2;2;27;48;2;2;1;17m▃[38;2;3;1;32;48;2;1;0;20m▃[38;2;4;3;36;48;2;2;1;22m▂[38;2;3;2;34;48;2;2;1;21m▃[38;2;10;2;31;48;2;2;1;14m▁[38;2;2;1;15;48;2;1;0;12m╷[38;2;1;0;14;48;2;4;1;19m╴[38;2;3;2;23;48;2;1;0;12m▂[38;2;2;1;19;48;2;1;0;10m▄[38;2;4;2;28;48;2;1;1;13m╶[38;2;2;1;18;48;2;1;0;11m▁[38;2;2;1;17;48;2;1;0;10m▃[38;2;2;1;16m▃[38;2;1;1;14;48;2;1;0;9m▃[38;2;2;1;16;48;2;1;0;8m▃[38;2;1;0;14m▄[38;2;1;0;13;48;2;0;0;8m▃[38;2;2;0;14m▂[38;2;5;1;23;48;2;1;0;11m╷[38;2;2;0;13;48;2;0;0;8m▃[38;2;1;0;11;48;2;1;0;8m▂ [38;2;8;1;22m▁[38;2;4;0;14;48;2;1;0;7m▂[38;2;3;1;15;48;2;0;0;7m▂[38;2;1;0;11;48;2;0;0;6m▂[38;2;0;1;15m▁ [48;2;0;0;5m [48;2;0;0;4m [38;2;0;0;4;48;2;0;0;3m┑[0m
[38;2;0;0;4;48;2;0;0;3m╴[38;2;0;0;5;48;2;0;0;4m╷╷[38;2;0;0;6;48;2;0;0;5m▁[38;2;0;0;7m▂[48;2;0;0;6m▁[38;2;1;0;9;48;2;0;0;7m▁[38;2;0;0;9m▄[38;2;1;0;12;48;2;0;0;8m▗[38;2;1;0;13;48;2;0;0;9m▄[38;2;1;0;12;48;2;0;0;10m▅[38;2;2;0;19;48;2;1;0;10m╸[38;2;1;0;10;48;2;0;0;7m▅[38;2;1;0;12;48;2;0;0;9m┌[38;2;0;0;8;48;2;1;0;12m╴[38;2;0;0;10;48;2;1;0;11m┊[38;2;2;1;13;48;2;1;0;9m▂[38;2;2;1;16;48;2;1;0;11m▃[48;2;13;7;59m▍[38;2;8;6;60;48;2;4;1;20m▏[38;2;9;3;40;48;2;2;0;15m▁[38;2;2;1;20;48;2;1;1;14m▄[38;2;2;1;18;48;2;3;1;19m┊[38;2;3;2;24;48;2;2;1;16m▄[38;2;4;3;31;48;2;4;2;23m▂[38;2;14;2;28;48;2;3;2;24m┊[38;2;4;3;32;48;2;2;2;20m▃[38;2;3;2;25;48;2;6;2;28m┊[38;2;11;1;27;48;2;4;2;32m╵[38;2;62;41;122;48;2;10;13;51m▁[38;2;28;84;154;48;2;6;19;60m┒[38;2;6;5;47;48;2;4;2;33m▂[38;2;5;4;42;48;2;3;2;32m┎[38;2;5;4;44;48;2;3;2;30m▗[38;2;15;4;42;48;2;80;44;121m▌[38;2;8;38;96;48;2;1;5;36m▘[38;2;49;57;144;48;2;6;10;44m│[38;2;130;24;127;48;2;15;6;51m▃[38;2;12;6;47;48;2;4;5;44m╴[38;2;2;7;49;48;2;2;2;30m▄[38;2;1;7;50;48;2;1;3;33m▃[38;2;2;5;42;48;2;6;73;108m▊[38;2;3;5;42;48;2;7;7;46m┊[38;2;66;12;29;48;2;5;6;44m▁[38;2;3;20;57;48;2;10;13;49m╴[38;2;5;7;52;48;2;4;3;37m▃[38;2;17;69;113;48;2;5;11;44m▂[38;2;27;74;117;48;2;6;3;36m▃[38;2;21;62;107;48;2;3;9;45m▂[38;2;3;3;41;48;2;5;10;55m╴[38;2;8;6;61;48;2;5;3;44m▄[38;2;6;5;52;48;2;6;7;56m┈[38;2;4;6;48;48;2;7;14;60m╴[38;2;26;105;156;48;2;5;7;45m▃[38;2;8;7;59;48;2;4;3;30m▄[38;2;5;35;95;48;2;5;6;44m╷[38;2;7;5;51;48;2;4;2;33m▃[38;2;6;5;46;48;2;3;2;29m▄[38;2;5;4;43;48;2;2;2;26m▅[38;2;3;2;28;48;2;4;4;35m┊[38;2;5;4;40;48;2;3;1;25m▃[38;2;11;3;37;48;2;3;2;24m▗[38;2;6;3;39;48;2;4;1;24m▃[38;2;7;3;40;48;2;2;1;19m▄[38;2;22;3;50;48;2;5;1;27m▁[38;2;26;2;45;48;2;8;1;28m┌[38;2;5;2;35;48;2;4;1;22m▂[38;2;6;1;34;48;2;3;1;20m▂[38;2;8;1;30;48;2;4;0;20m▂[38;2;19;2;36;48;2;4;1;19m▂[38;2;120;24;53;48;2;23;2;38m▁[38;2;166;91;101;48;2;35;3;36m▃[38;2;177;38;45;48;2;55;15;53m╾[38;2;12;19;58;48;2;8;5;30m▖[38;2;4;4;39;48;2;2;3;26m▁[38;2;4;6;42;48;2;2;1;20m▂[38;2;4;1;23;48;2;1;0;12m▃[38;2;2;0;15;48;2;0;0;8m▖[38;2;0;0;8;48;2;0;0;6m▁[38;2;0;0;5;48;2;0;0;4m▋[0m
[38;2;0;0;4;48;2;0;0;3m▂[48;2;0;0;5m [38;2;0;0;7;48;2;0;0;6m╷[38;2;1;0;9;48;2;0;0;7m▗[38;2;1;0;16;48;2;0;0;9m▂[38;2;4;1;25;48;2;1;0;11m▁[38;2;3;1;23;48;2;1;0;13m▂[38;2;4;1;29m▂[38;2;3;1;21m▅[38;2;3;1;26;48;2;2;1;16m▅[38;2;4;1;29;48;2;2;1;18m▄[38;2;4;1;27;48;2;3;1;19m▖[38;2;4;2;29;48;2;2;1;16m▂[38;2;2;12;90;48;2;2;1;21m╴[38;2;2;1;18;48;2;2;1;20m┊[38;2;56;37;95;48;2;7;4;27m╺[38;2;3;2;26;48;2;20;14;51m┈[38;2;58;35;102;48;2;16;13;39m▁[38;2;86;36;69;48;2;17;13;48m▁[38;2;55;27;59;48;2;5;2;28m▁[38;2;37;26;68;48;2;25;12;53m┈[38;2;49;71;130;48;2;10;16;60m╺[38;2;45;66;112;48;2;15;19;55m▖[38;2;22;4;40;48;2;8;4;39m╴[38;2;6;6;51;48;2;4;3;36m▅[38;2;7;7;57;48;2;6;5;43m▄[38;2;9;9;64;48;2;6;6;47m▅[38;2;8;5;52;48;2;13;6;57m┊[38;2;8;7;55;48;2;12;9;58m╴[38;2;60;9;59;48;2;23;11;65m╴[38;2;23;15;69;48;2;9;9;64m┊[38;2;8;8;62;48;2;13;9;64m┊[38;2;9;9;72;48;2;7;6;56m▄[38;2;16;9;70;48;2;10;8;63m╷[38;2;62;70;140;48;2;24;18;81m▗[38;2;6;65;121;48;2;3;30;77m╴[38;2;80;96;183;48;2;8;9;60m│[38;2;12;83;136;48;2;74;55;138m▇[38;2;2;21;90;48;2;3;14;70m▄[38;2;1;22;92;48;2;1;14;70m▅[38;2;9;42;102;48;2;1;18;81m╷[38;2;17;121;172;48;2;7;33;90m╷[38;2;19;25;57;48;2;31;83;95m▇[38;2;4;46;82;48;2;13;12;41m╻[38;2;6;10;33;48;2;44;41;81m▊[38;2;3;12;71;48;2;20;16;83m┊[38;2;74;84;94;48;2;27;43;88m╏[38;2;72;22;58;48;2;29;25;74m╶[38;2;127;32;58;48;2;36;19;66m╴[38;2;8;10;71;48;2;12;16;79m┈[38;2;6;7;54;48;2;8;10;78m╻[38;2;7;10;75;48;2;9;15;91m▘[38;2;25;132;187;48;2;14;44;119m▝[38;2;30;108;173;48;2;20;48;125m╸[38;2;14;9;64;48;2;14;15;83m╴[38;2;16;11;95;48;2;10;7;70m▃[38;2;14;10;86;48;2;9;6;65m▃[38;2;11;8;75;48;2;9;6;58m▃[38;2;11;10;72;48;2;9;8;63m╶[38;2;24;15;71;48;2;9;8;61m╴[38;2;1;1;25;48;2;6;5;42m┈[38;2;12;6;54;48;2;7;3;42m╹[38;2;26;10;85;48;2;10;6;56m▄[38;2;30;8;78;48;2;17;7;67m╴[38;2;7;4;53;48;2;15;6;60m┈[38;2;36;6;66;48;2;15;5;57m╶[38;2;74;8;70;48;2;28;8;58m╷[38;2;108;13;65;48;2;51;8;64m╸[38;2;188;65;152;48;2;57;5;54m▂[38;2;204;101;126;48;2;68;10;51m▅[38;2;93;24;107;48;2;192;109;112m▃[38;2;20;22;92;48;2;91;30;83m▄[38;2;6;180;205;48;2;14;37;94m╶[38;2;10;127;169;48;2;11;48;106m╸[38;2;10;59;113;48;2;10;22;80m▏[38;2;33;40;165;48;2;27;7;56m╼[38;2;12;5;51;48;2;10;2;32m╴[38;2;35;2;20;48;2;4;0;17m▁[38;2;1;0;12;48;2;3;0;10m╴[38;2;0;0;7;48;2;0;0;5m▏[0m
[38;2;0;0;6;48;2;0;0;5m▁[38;2;1;0;7;48;2;0;0;6m╴[38;2;0;0;7;48;2;0;0;9m▋[38;2;1;0;10;48;2;1;0;12m┊[38;2;7;1;32;48;2;1;0;14m▂[38;2;1;0;13;48;2;3;1;19m┊[38;2;12;2;44;48;2;8;2;36m▁[38;2;12;3;45;48;2;16;4;58m▌[38;2;15;3;54;48;2;6;1;30m▆[38;2;15;3;53;48;2;14;3;49m┈[38;2;12;3;51;48;2;9;5;47m╴[38;2;2;27;73;48;2;4;18;58m╷[38;2;5;225;239;48;2;3;33;80m╺[38;2;6;189;216;48;2;3;40;83m╾[38;2;5;60;109;48;2;3;6;41m▁[38;2;40;7;50;48;2;9;5;42m╴[38;2;9;5;44;48;2;65;42;125m▇[38;2;5;9;48;48;2;61;34;98m▇[38;2;5;7;48;48;2;15;15;59m┊[38;2;62;60;77;48;2;21;23;58m╷[38;2;67;69;82;48;2;20;19;53m╷[38;2;3;15;66;48;2;4;37;103m▉[38;2;5;38;108;48;2;38;67;113m▇[38;2;13;12;79;48;2;9;9;62m▂[38;2;27;9;66;48;2;13;12;72m╵[38;2;12;11;75;48;2;13;22;87m╴[38;2;17;17;101;48;2;15;14;86m▂[38;2;61;23;107;48;2;18;12;85m▁[38;2;20;15;91;48;2;9;6;44m▎[38;2;2;20;51;48;2;9;2;27m╶[38;2;0;35;80;48;2;2;4;35m╴[38;2;38;29;119;48;2;14;16;90m┌[38;2;12;12;73;48;2;15;16;98m▃[38;2;15;16;94;48;2;7;7;59m╾[38;2;83;46;133;48;2;28;24;99m│[38;2;43;75;72;48;2;4;10;44m╷[38;2;47;5;33;48;2;8;16;46m▏[38;2;5;6;45;48;2;3;25;73m▇[38;2;9;138;223;48;2;3;47;123m╻[38;2;17;50;125;48;2;4;36;118m╶[38;2;1;42;129;48;2;20;179;216m▉[38;2;16;146;201;48;2;1;21;85m▊[38;2;4;16;54;48;2;47;85;111m┫[38;2;21;85;131;48;2;7;24;65m┃[38;2;11;11;50;48;2;15;99;168m▊[38;2;105;17;135;48;2;15;33;116m▎[38;2;4;61;125;48;2;32;48;111m╴[38;2;22;43;105;48;2;69;55;92m▇[38;2;35;43;99;48;2;19;31;93m┋[38;2;41;34;87;48;2;13;19;94m▏[38;2;13;15;91;48;2;23;24;113m▎[38;2;6;10;75;48;2;26;41;109m┊[38;2;8;4;34;48;2;15;25;101m▄[38;2;23;52;127;48;2;14;15;73m╺[38;2;36;52;125;48;2;30;31;125m╵[38;2;15;15;86;48;2;28;22;127m┺[38;2;39;25;143;48;2;20;15;108m▄[38;2;26;17;113;48;2;6;12;55m▎[38;2;1;26;85;48;2;11;3;38m▖[38;2;19;13;72;48;2;12;9;51m┈[38;2;10;131;190;48;2;13;37;88m╺[38;2;6;104;167;48;2;7;20;79m┉[38;2;54;25;137;48;2;28;16;105m▗[38;2;77;72;170;48;2;43;18;116m▂[38;2;76;21;105;48;2;46;15;110m╸[38;2;168;65;138;48;2;55;12;96m▂[38;2;212;110;147;48;2;69;15;101m▄[38;2;207;170;152;48;2;159;64;152m╸[38;2;39;101;180;48;2;197;109;146m▄[38;2;18;110;182;48;2;134;57;140m▆[38;2;4;175;217;48;2;8;70;148m▃[38;2;0;230;245;48;2;12;61;138m╼[38;2;56;29;101;48;2;7;147;194m▄[38;2;109;43;93;48;2;10;197;226m▆[38;2;203;72;83;48;2;94;41;80m─[38;2;187;109;96;48;2;62;10;55m━[38;2;24;2;37;48;2;48;14;45m┊[38;2;7;1;24;48;2;26;1;21m▇[38;2;3;1;17;48;2;2;0;13m▋[38;2;1;0;9;48;2;0;0;6m▌[0m
[38;2;0;0;6;48;2;0;0;5m┄[48;2;1;0;9m▌[38;2;2;0;15;48;2;1;0;10m▗[38;2;3;0;18;48;2;2;0;16m┊[38;2;11;1;40;48;2;4;1;22m╺[38;2;44;10;60;48;2;6;2;32m▁[38;2;27;7;72;48;2;17;4;57m▗[38;2;41;11;90;48;2;18;4;59m▄[38;2;51;14;102;48;2;22;6;65m▂[38;2;39;9;88;48;2;25;5;68m▃[38;2;38;12;92;48;2;25;7;74m▗[38;2;88;19;102;48;2;22;7;69m▃[38;2;71;37;119;48;2;23;8;66m▁[38;2;32;22;92;48;2;16;8;61m▁[38;2;51;12;86;48;2;21;15;71m▁[38;2;34;15;96;48;2;28;26;90m╴[38;2;81;24;97;48;2;32;21;80m╹[38;2;18;53;74;48;2;11;18;65m╺[38;2;10;36;84;48;2;11;92;165m▊[38;2;12;82;155;48;2;17;48;109m▎[38;2;9;74;119;48;2;6;41;93m╵[38;2;10;28;86;48;2;2;43;123m▉[38;2;2;46;131;48;2;4;41;121m╴[38;2;35;29;121;48;2;22;23;109m╷[38;2;28;29;126;48;2;18;24;109m▃[38;2;50;26;104;48;2;31;31;123m╵[38;2;11;14;74;48;2;28;28;122m▗[38;2;26;33;133;48;2;30;32;110m┈[38;2;3;9;50;48;2;24;29;82m┊[38;2;46;7;46;48;2;16;33;76m┅[38;2;4;30;74;48;2;15;10;51m╴[38;2;17;32;117;48;2;11;78;180m▋[38;2;15;40;141;48;2;10;18;65m▏[38;2;1;12;48;48;2;22;8;38m╴[38;2;44;18;53;48;2;31;10;37m┊[38;2;41;17;51;48;2;15;8;49m┊[38;2;55;44;72;48;2;28;23;61m┊[38;2;10;8;54;48;2;5;19;66m╴[38;2;2;14;74;48;2;2;125;208m▎[38;2;1;74;188;48;2;1;59;162m▂[38;2;0;69;172;48;2;6;191;228m▉[38;2;5;137;205;48;2;15;46;113m▌[38;2;18;45;97;48;2;13;16;65m╴[38;2;5;57;113;48;2;3;11;53m╹[38;2;12;37;83;48;2;3;120;190m▊[38;2;4;25;88;48;2;10;48;139m▃[38;2;7;109;168;48;2;4;38;102m╸[38;2;3;34;96;48;2;32;68;135m▅[38;2;40;56;105;48;2;8;27;88m╵[38;2;6;17;75;48;2;24;33;125m▖[38;2;86;32;111;48;2;44;37;143m╹[38;2;50;92;174;48;2;30;17;55m▏[38;2;3;5;33;48;2;4;7;39m┊[38;2;3;4;34;48;2;16;8;36m┈[38;2;19;9;54;48;2;52;35;152m▌[38;2;14;10;67;48;2;44;31;147m▆[38;2;137;54;169;48;2;70;42;171m╶[38;2;72;32;145;48;2;6;6;50m▎[38;2;6;7;52;48;2;93;38;92m▉[38;2;6;7;56;48;2;20;17;59m┊[38;2;78;85;112;48;2;14;14;54m▁[38;2;7;3;39;48;2;12;10;50m┊[38;2;149;68;160;48;2;74;49;131m▗[38;2;201;103;130;48;2;108;49;170m╼[38;2;187;92;147;48;2;127;62;170m▝[38;2;34;38;116;48;2;186;116;104m▆[38;2;57;71;174;48;2;141;52;154m▆[38;2;53;164;215;48;2;55;51;163m╼[38;2;92;45;158;48;2;40;154;212m▄[38;2;71;38;115;48;2;26;176;211m▆[38;2;135;14;56;48;2;42;31;83m━[38;2;22;13;51;48;2;113;16;59m▅[38;2;32;20;63;48;2;190;19;70m▇[38;2;11;3;40;48;2;43;9;75m▅[38;2;13;2;43;48;2;29;5;54m▇[38;2;12;2;42;48;2;7;1;31m▊[38;2;10;3;51;48;2;6;1;28m▏[38;2;6;1;27;48;2;4;1;22m▘[38;2;3;1;19;48;2;2;0;14m▎[38;2;1;0;10;48;2;0;0;7m▎[0m
[38;2;0;0;5;48;2;0;0;6m▊[38;2;0;0;8;48;2;0;0;9m▌[38;2;1;0;10;48;2;1;0;12m▌[38;2;6;1;26;48;2;3;1;17m▂[38;2;18;3;48;48;2;7;1;29m▁[38;2;45;7;59;48;2;16;2;39m▁[38;2;105;73;137;48;2;47;9;80m▂[38;2;99;110;173;48;2;69;14;92m▁[38;2;40;8;60;48;2;18;9;44m▏[38;2;30;153;183;48;2;15;15;66m╺[38;2;53;222;235;48;2;21;55;106m━[38;2;52;171;198;48;2;28;43;117m▖[38;2;11;14;71;48;2;45;16;106m▃[38;2;38;16;113;48;2;21;14;86m▄[38;2;35;18;108;48;2;110;53;145m▌[38;2;104;53;146;48;2;58;20;107m▆[38;2;127;73;158;48;2;61;36;128m▁[38;2;52;25;99;48;2;21;31;94m╷[38;2;32;153;141;48;2;24;50;108m▗[38;2;37;230;150;48;2;12;86;106m─[38;2;21;206;194;48;2;35;108;105m╼[38;2;102;190;91;48;2;7;86;137m▂[38;2;40;140;163;48;2;17;52;131m▁[38;2;69;68;189;48;2;36;41;146m▂[38;2;23;36;105;48;2;55;60;170m▋[38;2;28;73;182;48;2;14;23;90m▊[38;2;27;30;105;48;2;15;28;62m▘[38;2;24;38;87;48;2;91;108;163m▉[38;2;91;106;160;48;2;19;32;81m▏[38;2;41;66;91;48;2;16;26;65m┊[38;2;1;10;49;48;2;5;18;63m╴[38;2;9;14;68;48;2;22;51;152m▎[38;2;21;73;100;48;2;17;18;68m▝[38;2;158;32;32;48;2;29;48;76m╶[38;2;127;21;47;48;2;41;51;77m┄[38;2;7;14;59;48;2;23;46;135m▊[38;2;1;12;67;48;2;2;20;75m╴[38;2;4;21;77;48;2;7;99;153m▊[38;2;2;37;109;48;2;1;126;206m▎[38;2;1;38;125;48;2;0;101;201m▖[38;2;1;151;225;48;2;0;111;207m▄[38;2;1;115;195;48;2;22;40;105m▌[38;2;9;54;105;48;2;3;30;84m╴[38;2;0;30;89;48;2;1;17;62m▃[38;2;37;60;107;48;2;1;28;80m╷[38;2;9;53;114;48;2;17;27;89m▃[38;2;14;43;99;48;2;50;96;117m▉[38;2;14;43;113;48;2;10;66;125m┊[38;2;0;78;149;48;2;10;44;100m▁[38;2;27;53;170;48;2;8;38;110m▝[38;2;59;73;201;48;2;72;41;186m▇[38;2;154;129;113;48;2;14;42;112m▗[38;2;208;177;124;48;2;23;35;91m▗[38;2;144;131;121;48;2;17;28;82m▗[38;2;4;17;77;48;2;44;29;120m▆[38;2;59;24;90;48;2;15;15;78m╷[38;2;35;54;173;48;2;105;68;194m▂[38;2;80;51;175;48;2;13;53;119m▏[38;2;1;83;134;48;2;3;46;99m╸[38;2;8;30;84;48;2;74;116;147m▊[38;2;112;104;126;48;2;21;61;112m▘[38;2;103;87;89;48;2;29;60;106m┚[38;2;26;27;109;48;2;104;49;189m▍[38;2;118;54;200;48;2;61;42;150m┛[38;2;52;42;148;48;2;114;121;200m▆[38;2;92;64;180;48;2;32;43;136m╹[38;2;57;38;172;48;2;117;40;156m▅[38;2;59;39;156;48;2;162;54;154m▇[38;2;39;52;147;48;2;46;39;143m┈[38;2;27;27;121;48;2;16;14;57m▌[38;2;2;87;152;48;2;11;20;67m▁[38;2;4;59;122;48;2;17;20;65m▁[38;2;4;52;110;48;2;11;8;40m▁[38;2;9;4;52;48;2;7;3;36m╵[38;2;15;7;64;48;2;11;4;42m╷[38;2;6;2;33;48;2;12;12;48m┈[38;2;79;52;71;48;2;16;12;43m╷[38;2;12;5;54;48;2;5;1;27m╸[38;2;2;1;17;48;2;2;1;13m▊[38;2;1;0;11;48;2;1;0;8m▎[0m
[38;2;1;0;8;48;2;0;0;5m▝[38;2;1;27;54;48;2;1;0;9m▗[38;2;0;46;78;48;2;4;3;22m▁[38;2;55;8;89;48;2;8;4;31m╶[38;2;24;3;53;48;2;11;3;35m╴[38;2;2;67;110;48;2;9;7;42m▗[38;2;8;5;44;48;2;110;19;88m▆[38;2;30;13;42;48;2;155;41;112m▃[38;2;38;8;49;48;2;125;33;108m▂[38;2;143;26;128;48;2;13;7;30m▄[38;2;154;39;129;48;2;45;36;71m▂[38;2;83;26;136;48;2;30;32;66m▂[38;2;35;20;64;48;2;98;57;101m▊[38;2;198;140;194;48;2;25;36;90m▄[38;2;152;108;181;48;2;63;53;142m▖[38;2;35;61;159;48;2;80;55;143m▃[38;2;21;145;205;48;2;62;66;150m▗[38;2;22;173;184;48;2;27;80;124m╼[38;2;122;129;25;48;2;40;78;53m▁[38;2;212;223;16;48;2;51;63;38m▅[38;2;233;246;17;48;2;49;61;41m▅[38;2;228;235;20;48;2;23;41;42m▄[38;2;244;242;18;48;2;49;86;57m▂[38;2;200;207;10;48;2;47;85;85m▁[38;2;16;41;49;48;2;64;124;137m▄[38;2;107;201;99;48;2;59;96;127m┉[38;2;69;209;136;48;2;26;76;81m▄[38;2;7;63;86;48;2;19;74;81m┊[38;2;93;153;73;48;2;69;43;69m▁[38;2;187;227;27;48;2;30;43;62m▁[38;2;152;201;74;48;2;19;48;91m▂[38;2;163;209;78;48;2;8;93;87m▂[38;2;117;164;76;48;2;12;60;88m▃[38;2;123;151;73;48;2;25;58;84m▃[38;2;108;138;60;48;2;54;64;100m▃[38;2;67;198;211;48;2;28;78;122m─[38;2;18;241;247;48;2;6;69;121m─[38;2;7;190;223;48;2;8;98;144m╾[38;2;0;174;222;48;2;10;89;145m─[38;2;0;172;225;48;2;4;85;145m╼[38;2;7;26;45;48;2;2;188;233m▂[48;2;5;157;210m▂[38;2;2;215;242;48;2;5;65;112m━[38;2;4;220;240;48;2;9;50;99m━[38;2;3;224;236;48;2;12;51;99m━[38;2;8;22;45;48;2;25;161;210m▃[38;2;9;25;52;48;2;19;164;211m▃[38;2;11;167;200;48;2;1;109;183m▇[38;2;10;40;68;48;2;11;167;195m▁[38;2;15;181;195;48;2;33;124;141m┈[38;2;41;201;214;48;2;69;119;145m─[38;2;120;171;137;48;2;61;102;107m╌[38;2;105;133;46;48;2;48;94;86m╻[38;2;73;160;111;48;2;54;93;89m┈[38;2;106;175;69;48;2;58;98;75m╺[38;2;124;185;58;48;2;22;63;100m▃[38;2;119;241;69;48;2;24;67;114m▁[38;2;36;186;153;48;2;27;57;126m▃[38;2;143;53;186;48;2;29;119;145m╸[38;2;111;200;135;48;2;8;78;125m▃[38;2;57;215;212;48;2;19;94;129m━[38;2;11;40;61;48;2;1;170;205m▄[38;2;177;174;21;48;2;18;92;124m▁[38;2;205;202;41;48;2;10;88;113m▂[38;2;226;224;57;48;2;6;88;111m▂[38;2;191;190;61;48;2;14;96;120m▂[38;2;31;56;53;48;2;31;140;218m▅[38;2;5;177;207;48;2;20;51;110m━[38;2;2;150;185;48;2;23;51;156m▃[38;2;15;39;93;48;2;17;24;79m┊[38;2;8;8;48;48;2;11;13;59m┊[38;2;10;5;40;48;2;21;9;52m┈[38;2;8;4;36;48;2;12;4;40m┈[38;2;6;3;38;48;2;10;3;39m┊[38;2;32;27;76;48;2;174;29;107m▇[38;2;16;7;37;48;2;36;43;66m▇[38;2;5;1;23;48;2;6;2;26m┊[38;2;2;1;19;48;2;2;1;16m▅[38;2;2;1;18;48;2;1;0;14m▍[38;2;1;0;12;48;2;1;0;9m▍[0m
[38;2;0;0;10;48;2;0;0;5m▃[38;2;2;0;16;48;2;0;0;6m▁[38;2;1;0;12;48;2;0;46;74m▇[38;2;1;10;31;48;2;0;46;73m▉[38;2;1;16;39;48;2;1;51;82m▉[38;2;3;18;53;48;2;4;68;100m▉[38;2;2;166;188;48;2;3;53;88m┱[38;2;3;125;159;48;2;14;14;56m▖[38;2;16;9;48;48;2;68;19;114m▉[38;2;80;21;134;48;2;91;24;146m▂[38;2;81;22;138;48;2;120;31;146m▇[38;2;118;36;147;48;2;68;51;152m▘[38;2;78;26;148;48;2;116;34;145m▆[38;2;78;27;148;48;2;125;93;171m▇[38;2;32;23;98;48;2;117;61;166m▅[38;2;28;49;116;48;2;107;84;177m▆[38;2;1;180;123;48;2;42;77;121m╱[38;2;184;196;14;48;2;18;34;46m╺[38;2;35;50;40;48;2;187;196;11m▃[38;2;46;64;35;48;2;171;196;12m▖[38;2;226;232;6;48;2;218;248;1m╷[38;2;217;249;0;48;2;216;249;0m╴[38;2;214;246;1;48;2;221;247;2m┈[38;2;64;81;40;48;2;212;227;5m▅[38;2;6;46;58;48;2;85;107;36m▆[38;2;161;189;194;48;2;25;98;105m▝[38;2;103;121;42;48;2;193;242;162m▆[38;2;85;96;34;48;2;185;201;51m━[38;2;235;244;26;48;2;74;95;39m▄[38;2;237;250;25;48;2;75;93;35m▄[38;2;233;239;36;48;2;21;43;41m▅[38;2;233;246;21;48;2;40;54;39m▅[38;2;225;239;18;48;2;7;26;42m▆[38;2;232;248;17;48;2;27;43;41m▆[38;2;218;236;21;48;2;7;25;45m▇[38;2;28;40;37;48;2;159;174;26m▗[38;2;173;201;10;48;2;21;33;40m▗[38;2;225;248;54;48;2;35;46;45m▆[38;2;226;247;59;48;2;74;82;56m▆[38;2;219;236;60;48;2;12;29;46m▇[38;2;224;242;58;48;2;15;34;46m▇[38;2;226;248;59;48;2;17;36;44m▇[38;2;227;250;63;48;2;60;70;52m▇[38;2;209;249;1;48;2;219;221;133m▄[38;2;207;247;3;48;2;231;232;145m▄[38;2;208;249;1;48;2;234;234;153m▄[38;2;200;217;56;48;2;54;74;51m▌[38;2;77;108;55;48;2;113;207;215m▆[38;2;205;222;19;48;2;13;47;68m▆[38;2;228;248;12;48;2;13;35;48m▆[38;2;229;245;19;48;2;31;48;44m▆[38;2;230;246;29;48;2;55;69;46m▆[38;2;240;250;69;48;2;64;75;44m▆[38;2;222;246;38;48;2;67;78;45m▆[38;2;215;248;44;48;2;61;74;45m▆[38;2;214;247;47;48;2;70;89;45m▆[38;2;142;165;33;48;2;42;65;41m▏[38;2;12;36;41;48;2;48;168;64m▇[38;2;28;50;42;48;2;98;165;96m▅[38;2;206;209;10;48;2;39;56;47m▃[38;2;229;240;10;48;2;47;58;37m▅[38;2;225;246;11;48;2;109;116;32m▇[38;2;221;248;16;48;2;227;249;48m▉[38;2;252;250;89;48;2;215;247;1m▘[38;2;180;242;9;48;2;225;249;0m▂[38;2;202;244;5;48;2;245;248;8m▄[38;2;162;244;18;48;2;231;241;8m▁[38;2;192;238;5;48;2;62;72;40m▆[38;2;155;203;24;48;2;8;28;54m▖[38;2;30;62;33;48;2;11;135;144m▅[38;2;132;202;55;48;2;34;56;67m▖[38;2;59;11;79;48;2;6;26;65m╺[38;2;12;16;61;48;2;64;17;104m▉[38;2;119;31;163;48;2;6;4;34m▄[38;2;21;89;132;48;2;13;41;88m╼[38;2;4;2;31;48;2;12;11;54m┊[38;2;38;11;99;48;2;5;2;26m▁[38;2;5;2;27;48;2;3;1;20m╷[38;2;3;1;19;48;2;2;1;16m▘[38;2;1;0;12;48;2;0;0;8m▊[0m
[38;2;4;0;21;48;2;1;0;13m▁[38;2;3;1;33;48;2;2;0;20m▗[38;2;1;0;14;48;2;7;1;38m▋[38;2;10;2;42;48;2;1;0;13m▎[38;2;10;54;131;48;2;4;17;50m┏[38;2;18;46;129;48;2;7;16;54m┐[38;2;4;70;140;48;2;6;12;52m▖[38;2;29;3;52;48;2;6;3;43m▖[38;2;3;1;28;48;2;7;4;43m╴[38;2;10;12;45;48;2;120;115;123m▋[38;2;106;98;106;48;2;21;8;64m▎[38;2;8;11;58;48;2;43;19;110m▆[38;2;8;12;60;48;2;51;27;126m▁[38;2;30;25;118;48;2;75;40;150m▆[38;2;32;61;89;48;2;5;19;70m╷[38;2;33;147;75;48;2;15;54;87m▗[38;2;7;49;52;48;2;17;162;75m▗[38;2;119;134;25;48;2;9;51;49m▗[38;2;28;44;41;48;2;193;216;6m▘[38;2;107;131;34;48;2;211;244;5m▗[38;2;120;148;18;48;2;211;239;2m▏[38;2;216;250;0;48;2;216;248;1m╴[38;2;217;250;0;48;2;228;245;7m▉[38;2;205;212;109;48;2;16;31;45m▏[38;2;34;135;85;48;2;10;53;63m└[38;2;208;245;2;48;2;50;68;31m▗[38;2;207;244;2;48;2;208;249;0m┈[38;2;32;52;33;48;2;177;212;7m▗[38;2;16;31;40;48;2;215;245;2m▆[38;2;11;27;38;48;2;181;203;9m▆[38;2;44;69;30;48;2;211;229;4m▇[38;2;208;220;5;48;2;82;99;29m▃[38;2;221;250;0;48;2;211;239;6m╴[38;2;219;244;5;48;2;219;241;13m┊[38;2;52;63;44;48;2;184;208;11m▄[38;2;21;33;40;48;2;85;108;26m▉[38;2;37;50;36;48;2;167;207;7m▂[38;2;6;15;34;48;2;186;230;3m▃[38;2;31;43;31;48;2;203;249;0m▄[38;2;47;61;37;48;2;209;249;0m▄[38;2;98;117;19;48;2;211;247;2m▖[38;2;219;232;14;48;2;213;249;1m╵[38;2;211;250;1;48;2;208;249;1m▊[38;2;26;42;40;48;2;202;243;4m▄[38;2;7;18;40;48;2;193;238;5m▄[38;2;37;28;32;48;2;198;241;4m▄[38;2;149;183;14;48;2;20;34;41m▋[38;2;9;23;44;48;2;8;20;43m▝[38;2;206;244;0;48;2;64;83;30m▝[38;2;84;105;26;48;2;210;248;0m▄[38;2;84;108;26;48;2;209;241;3m▄[38;2;19;35;42;48;2;205;239;3m▄[38;2;19;34;47;48;2;203;245;1m▄[38;2;29;46;39;48;2;195;248;0m▄[38;2;13;26;44;48;2;179;236;3m▃[38;2;159;215;8;48;2;51;76;36m▊[38;2;8;18;45;48;2;6;24;47m╴[38;2;225;229;7;48;2;39;60;42m▗[38;2;140;148;19;48;2;211;243;5m▘[38;2;193;248;1;48;2;207;245;3m╴[38;2;91;151;45;48;2;189;244;5m▗[38;2;9;28;40;48;2;150;214;18m▄[38;2;4;16;40;48;2;115;182;30m▆[38;2;20;30;39;48;2;93;151;58m▇[38;2;7;15;37;48;2;113;183;51m▇[38;2;21;56;42;48;2;171;234;3m▆[38;2;59;95;31;48;2;170;242;3m▖[38;2;9;25;41;48;2;129;206;30m▗[38;2;4;12;71;48;2;12;23;51m┈[38;2;43;148;116;48;2;9;24;48m▂[38;2;30;113;126;48;2;95;222;154m▚[38;2;66;117;181;48;2;17;89;126m▖[38;2;0;100;156;48;2;13;35;83m▄[38;2;15;23;83;48;2;120;36;161m▇[38;2;61;30;133;48;2;11;16;66m▁[38;2;14;7;48;48;2;5;4;32m▁[38;2;17;6;69;48;2;54;20;127m▆[38;2;20;7;85;48;2;5;2;33m▖[38;2;4;3;29;48;2;2;1;15m▁[38;2;1;0;13;48;2;0;0;8m▋[0m
[38;2;0;0;7;48;2;1;0;13m▉[38;2;11;3;49;48;2;4;1;26m▗[38;2;14;3;53;48;2;1;1;18m▝[38;2;11;3;48;48;2;1;0;10m▎[38;2;16;82;171;48;2;7;31;79m┋[38;2;11;78;157;48;2;6;38;92m┋[38;2;5;82;140;48;2;1;17;59m▋[38;2;9;5;54;48;2;20;12;49m┊[38;2;79;12;52;48;2;31;7;45m╎[38;2;3;16;58;48;2;49;21;63m┈[38;2;148;40;76;48;2;47;25;63m▁[38;2;135;49;75;48;2;2;69;109m▇[38;2;110;42;77;48;2;33;28;73m╸[38;2;84;138;64;48;2;19;50;109m▁[38;2;121;176;37;48;2;43;77;57m╱[38;2;115;164;25;48;2;35;56;41m▘[38;2;203;227;4;48;2;50;64;36m▄[38;2;225;250;0;48;2;213;229;12m╴[38;2;47;57;46;48;2;187;218;29m▄[38;2;8;19;42;48;2;26;39;41m╴[38;2;224;249;1;48;2;216;243;1m╴[38;2;216;247;3;48;2;223;220;23m▉[38;2;222;242;6;48;2;197;210;10m▉[38;2;36;52;36;48;2;6;20;43m▏[38;2;122;144;21;48;2;14;27;39m╺[38;2;35;44;53;48;2;184;222;5m▄[38;2;12;28;78;48;2;175;216;8m▆[38;2;2;92;92;48;2;16;44;50m╶[38;2;7;94;99;48;2;7;29;46m╴[38;2;172;178;12;48;2;19;36;40m▗[38;2;86;98;27;48;2;225;240;1m▘[38;2;196;241;21;48;2;223;249;3m╷[38;2;132;139;52;48;2;224;248;15m▗[38;2;189;200;48;48;2;20;31;40m▘[38;2;4;57;123;48;2;5;20;48m▗[38;2;5;57;133;48;2;6;15;41m▃[38;2;41;23;56;48;2;9;16;43m╺[38;2;5;21;41;48;2;25;14;41m╴[38;2;12;19;122;48;2;6;11;44m▝[38;2;11;18;48;48;2;77;69;64m▇[38;2;16;23;32;48;2;219;243;3m▎[38;2;221;249;1;48;2;223;245;4m┈[38;2;229;243;2;48;2;233;247;3m╴[38;2;211;216;28;48;2;7;19;44m▏[38;2;66;14;76;48;2;47;21;60m╴[38;2;5;9;26;48;2;15;20;34m╴[38;2;16;14;41;48;2;10;21;42m╴[38;2;117;27;39;48;2;19;29;45m╴[38;2;50;61;37;48;2;215;235;3m▃[38;2;71;81;35;48;2;222;248;2m▃[38;2;64;73;35;48;2;219;248;0m▃[38;2;123;127;30;48;2;26;39;47m▁[38;2;126;132;28;48;2;17;21;59m▁[38;2;142;143;31;48;2;12;34;48m▁[38;2;71;79;37;48;2;9;23;51m▁[38;2;48;68;43;48;2;11;23;44m╵[38;2;242;242;2;48;2;74;83;32m▗[38;2;237;193;59;48;2;216;217;27m╴[38;2;247;94;100;48;2;189;203;59m▁[38;2;29;60;48;48;2;190;199;34m▗[38;2;7;16;43;48;2;13;31;45m┊[38;2;7;20;68;48;2;6;16;42m▝[38;2;178;186;57;48;2;13;31;52m▗[38;2;53;65;38;48;2;223;225;64m▝[38;2;4;14;40;48;2;15;26;40m┊[38;2;3;10;40;48;2;3;14;46m┈[38;2;5;19;53;48;2;54;97;36m▇[38;2;3;26;82;48;2;5;14;50m╷[38;2;6;86;137;48;2;28;34;83m▝[38;2;34;36;105;48;2;2;115;174m▆[38;2;4;13;57;48;2;7;87;164m▁[38;2;26;64;154;48;2;71;127;217m▇[38;2;118;53;182;48;2;24;77;147m╺[38;2;138;43;183;48;2;15;31;100m▇[38;2;113;37;166;48;2;48;16;93m▎[38;2;105;42;185;48;2;24;15;73m▅[38;2;119;45;200;48;2;27;9;91m▖[38;2;9;3;46;48;2;34;10;137m▃[38;2;19;7;112;48;2;2;1;17m▘[38;2;1;0;9;48;2;0;0;6m▘[0m
[38;2;0;0;6;48;2;4;0;17m▉[38;2;13;4;45;48;2;3;1;18m▁[38;2;10;0;21;48;2;1;0;11m╎[38;2;3;1;19m▘[38;2;2;1;21;48;2;8;7;33m╴[38;2;5;3;38;48;2;11;24;56m┈[38;2;50;65;59;48;2;5;19;55m▘[38;2;2;94;133;48;2;4;20;69m▗[38;2;175;30;135;48;2;56;56;133m▝[38;2;28;37;108;48;2;137;29;98m▆[38;2;24;32;104;48;2;124;19;90m▆[38;2;2;159;192;48;2;74;61;112m▁[38;2;9;190;195;48;2;62;96;120m┏[38;2;24;49;48;48;2;118;170;36m▅[38;2;172;192;13;48;2;27;44;44m▄[38;2;205;227;12;48;2;139;158;20m▇[38;2;89;105;29;48;2;185;226;15m▗[38;2;195;215;8;48;2;51;63;40m▂[38;2;210;231;3;48;2;12;26;47m▃[38;2;223;224;9;48;2;48;62;34m▄[38;2;204;242;25;48;2;217;248;1m▝[38;2;119;239;78;48;2;207;250;3m▂[38;2;181;241;16;48;2;46;63;36m▉[38;2;11;24;45;48;2;5;16;45m▎[38;2;1;25;173;48;2;3;16;79m▖[38;2;10;18;32;48;2;2;16;117m▅[38;2;4;17;65;48;2;10;17;47m┊[38;2;6;24;42;48;2;30;46;48m┊[38;2;183;194;18;48;2;22;39;37m▆[38;2;223;250;0;48;2;216;241;7m┊[38;2;181;239;70;48;2;213;243;12m▁[38;2;22;31;44;48;2;190;206;55m▗[38;2;13;24;43;48;2;89;94;61m▇[38;2;45;48;74;48;2;11;35;57m╵[38;2;3;87;117;48;2;3;46;84m▁[38;2;7;26;46;48;2;4;81;111m▄[38;2;20;139;132;48;2;7;41;52m▝[38;2;25;57;60;48;2;13;126;139m▄[38;2;1;92;60;48;2;9;20;41m▃[38;2;5;14;37;48;2;9;22;42m╴[38;2;23;40;33;48;2;231;236;7m▎[38;2;238;150;54;48;2;228;237;7m▂[38;2;246;166;53;48;2;249;243;1m▋[38;2;195;199;11;48;2;8;24;48m▎[38;2;124;16;91;48;2;41;15;50m┃[38;2;50;8;35;48;2;10;13;32m╴[38;2;76;182;44;48;2;7;17;41m▃[38;2;28;47;47;48;2;139;152;20m▌[38;2;223;186;35;48;2;134;141;21m▇[38;2;244;134;92;48;2;220;206;27m╾[38;2;91;116;34;48;2;223;230;30m▁[38;2;75;102;43;48;2;224;232;31m▁[38;2;110;142;29;48;2;225;239;26m▁[38;2;50;66;43;48;2;215;239;16m▗[38;2;51;32;49;48;2;101;108;28m▇[38;2;34;33;43;48;2;146;160;17m▉[38;2;237;250;0;48;2;215;207;36m╴[38;2;193;236;10;48;2;206;150;85m▗[38;2;230;173;44;48;2;242;105;88m▃[38;2;120;152;35;48;2;11;28;57m▎[38;2;4;17;47;48;2;17;33;53m┊[38;2;168;191;32;48;2;23;45;56m▅[38;2;96;238;97;48;2;192;235;81m▁[38;2;141;245;99;48;2;200;248;32m▁[38;2;89;124;29;48;2;147;222;46m▝[38;2;134;197;29;48;2;30;49;47m▖[38;2;19;12;56;48;2;4;13;49m╹[38;2;3;154;179;48;2;5;16;48m╶[38;2;5;6;44;48;2;23;15;48m╴[38;2;99;9;78;48;2;10;9;54m▖[38;2;18;10;58;48;2;4;6;40m▏[38;2;5;7;52;48;2;66;41;134m▄[38;2;10;3;41;48;2;19;17;69m╴[38;2;74;10;101;48;2;23;7;59m╹[38;2;84;28;146;48;2;11;4;40m▝[38;2;12;4;51;48;2;115;43;191m▅[38;2;4;0;13;48;2;48;14;88m▇[38;2;3;0;38;48;2;1;0;8m╴[38;2;1;0;6;48;2;0;0;5m╴[48;2;0;0;4m [0m
[7m[38;2;0;0;5m [0m[38;2;1;0;6;48;2;8;2;31m▇[38;2;9;5;35;48;2;5;0;13m╻[38;2;65;7;62;48;2;9;1;17m▗[38;2;2;0;17;48;2;17;6;41m╴[38;2;9;14;50;48;2;86;11;56m▅[38;2;103;24;71;48;2;49;24;75m╵[38;2;9;39;98;48;2;2;147;188m▌[38;2;1;179;214;48;2;2;109;153m▌[38;2;16;35;54;48;2;12;134;173m▄[38;2;178;181;16;48;2;6;88;110m▂[38;2;218;220;19;48;2;8;79;92m▃[38;2;223;237;14;48;2;15;40;50m▄[38;2;109;128;26;48;2;213;242;4m▘[38;2;250;248;8;48;2;200;229;19m╴[38;2;218;115;73;48;2;209;237;8m▗[38;2;237;71;87;48;2;234;244;1m▅[38;2;223;125;57;48;2;231;232;11m▆[38;2;122;159;17;48;2;191;218;20m▁[38;2;82;112;24;48;2;203;231;7m▖[38;2;194;247;22;48;2;42;227;167m▎[38;2;54;218;173;48;2;21;215;185m┊[38;2;167;238;29;48;2;40;58;33m▊[38;2;30;48;65;48;2;9;20;52m╴[38;2;2;24;168;48;2;16;8;30m▌[38;2;2;61;79;48;2;7;16;35m╺[38;2;209;213;22;48;2;32;54;54m▗[38;2;14;209;185;48;2;161;202;55m▗[38;2;9;221;185;48;2;157;243;61m▆[38;2;22;230;147;48;2;136;209;70m▘[38;2;198;216;69;48;2;30;45;55m▘[38;2;5;14;41;48;2;7;13;37m╴[38;2;19;44;54;48;2;11;21;46m▝[38;2;7;54;49;48;2;11;37;43m┊[38;2;154;165;20;48;2;40;65;54m▆[38;2;224;238;20;48;2;12;26;42m▇[38;2;12;20;48;48;2;161;171;18m▗[38;2;33;26;64;48;2;60;68;28m▇[38;2;2;14;104;48;2;7;14;35m▗[38;2;15;25;51;48;2;8;16;42m╶[38;2;39;55;33;48;2;220;237;9m▎[38;2;144;219;90;48;2;237;137;59m▁[38;2;48;228;161;48;2;218;182;69m╻[38;2;238;244;3;48;2;19;33;44m▎[38;2;12;11;42;48;2;96;15;66m▆[38;2;118;15;40;48;2;15;10;33m▗[38;2;6;17;47;48;2;32;100;65m▇[38;2;214;237;4;48;2;32;57;63m▗[38;2;206;170;75;48;2;14;24;48m▆[38;2;212;162;84;48;2;12;26;51m▆[38;2;178;174;41;48;2;8;42;72m▆[38;2;8;21;49;48;2;7;36;75m╴[38;2;6;17;44;48;2;9;26;59m╴[38;2;16;24;48;48;2;80;101;29m▇[38;2;20;43;165;48;2;15;23;85m┨[38;2;11;22;44;48;2;186;203;10m▊[38;2;203;246;15;48;2;48;226;150m▌[38;2;44;226;172;48;2;138;231;53m▄[38;2;65;231;154;48;2;180;225;35m▃[38;2;148;181;14;48;2;16;36;53m▏[38;2;72;14;65;48;2;9;12;41m▁[38;2;75;4;47;48;2;14;19;44m▁[38;2;126;226;86;48;2;46;68;38m▝[38;2;111;167;117;48;2;11;219;223m▆[38;2;122;183;58;48;2;18;36;45m▘[38;2;2;26;104;48;2;2;11;47m▂[38;2;2;8;32;48;2;5;14;46m╴[38;2;7;52;88;48;2;4;26;65m╷[38;2;139;8;81;48;2;24;13;49m╺[38;2;13;17;57;48;2;66;7;59m▇[38;2;74;23;98;48;2;18;12;49m▝[38;2;86;15;100;48;2;34;17;68m╹[38;2;77;15;103;48;2;24;17;72m▘[38;2;98;176;227;48;2;39;51;119m━[38;2;167;36;152;48;2;65;16;96m┭[38;2;93;14;115;48;2;13;6;53m▖[38;2;5;4;44;48;2;1;0;17m▋[38;2;1;0;10;48;2;0;0;7m╴[38;2;0;0;6;48;2;0;0;5m╶[38;2;2;0;13;48;2;0;0;4m╴[0m
[38;2;1;0;6;48;2;0;0;5m▗[38;2;0;0;6;48;2;1;0;7m┈[38;2;1;0;6;48;2;2;0;11m╴[38;2;29;2;35;48;2;12;5;25m╵[38;2;134;11;90;48;2;22;12;50m╻[38;2;12;36;88;48;2;77;28;106m▉[38;2;134;41;144;48;2;4;82;138m▖[38;2;5;64;97;48;2;4;161;199m╺[38;2;4;91;127;48;2;3;32;67m▎[38;2;11;23;42;48;2;123;132;26m▆[38;2;40;63;30;48;2;160;193;14m━[38;2;109;227;91;48;2;171;238;14m▂[38;2;43;208;178;48;2;171;243;9m▄[38;2;81;204;165;48;2;149;215;35m━[38;2;26;41;38;48;2;161;212;43m▂[38;2;9;23;50;48;2;187;155;42m▃[38;2;11;24;49;48;2;190;186;30m▅[38;2;5;14;44;48;2;134;171;15m▆[38;2;6;15;41;48;2;9;18;38m┈[38;2;20;37;36;48;2;175;238;5m▍[38;2;64;227;140;48;2;7;211;208m▏[38;2;99;232;91;48;2;49;222;167m▗[38;2;174;228;12;48;2;7;18;39m▊[38;2;6;15;41;48;2;3;28;128m▉[38;2;72;87;29;48;2;6;21;84m▁[38;2;13;24;41;48;2;141;196;63m▘[38;2;15;214;209;48;2;185;244;31m▃[38;2;29;222;158;48;2;117;235;75m┎[38;2;161;199;24;48;2;60;155;91m╱[38;2;209;208;13;48;2;22;43;52m▂[38;2;239;243;43;48;2;25;35;48m▂[38;2;211;231;65;48;2;40;25;51m▃[38;2;159;224;83;48;2;6;17;37m▄[38;2;183;173;80;48;2;48;63;30m▆[38;2;44;202;201;48;2;224;147;75m▁[38;2;49;223;117;48;2;217;151;53m▂[38;2;127;167;14;48;2;16;22;40m▏[38;2;28;30;149;48;2;24;13;54m▘[38;2;5;8;35;48;2;1;31;161m▋[38;2;29;40;57;48;2;7;13;44m╵[38;2;159;174;180;48;2;137;213;67m▖[38;2;97;233;99;48;2;32;216;191m▂[38;2;37;213;198;48;2;170;242;37m▊[38;2;171;221;6;48;2;6;15;45m▍[38;2;12;34;190;48;2;5;11;57m┃[38;2;76;6;50;48;2;16;10;34m╺[38;2;14;11;28;48;2;15;12;41m╴[38;2;141;168;13;48;2;38;55;57m▂[38;2;229;221;32;48;2;87;142;132m▃[38;2;79;116;72;48;2;154;173;63m╹[38;2;227;215;42;48;2;76;128;91m▄[38;2;199;216;97;48;2;12;37;99m▄[38;2;171;223;129;48;2;4;44;116m▄[38;2;165;216;120;48;2;15;28;77m▄[38;2;192;242;112;48;2;31;40;81m▃[38;2;211;239;60;48;2;17;29;44m▃[38;2;9;33;55;48;2;113;170;61m━[38;2;13;64;98;48;2;5;211;228m▅[38;2;4;110;133;48;2;36;201;208m╴[38;2;219;247;25;48;2;72;167;117m╲[38;2;174;175;16;48;2;30;29;48m▂[38;2;10;12;37;48;2;67;6;47m▇[38;2;52;6;52;48;2;11;15;45m╸[38;2;99;140;45;48;2;16;37;44m▘[38;2;63;5;47;48;2;4;11;41m╺[38;2;10;10;36;48;2;15;31;71m╴[38;2;182;157;46;48;2;36;44;37m▄[38;2;243;131;126;48;2;58;63;49m▇[38;2;237;72;139;48;2;198;189;95m▅[38;2;235;72;121;48;2;207;180;52m▅[38;2;23;54;60;48;2;189;126;86m▗[38;2;15;35;51;48;2;172;188;21m▆[38;2;45;67;46;48;2;15;24;39m╷[38;2;8;140;187;48;2;6;14;54m▗[38;2;8;166;203;48;2;52;31;122m▖[38;2;5;11;72;48;2;9;8;63m┈[38;2;4;5;53;48;2;7;3;40m╴[38;2;2;1;16;48;2;8;1;22m┈[38;2;1;0;8;48;2;0;0;6m┊[38;2;1;0;4;48;2;0;0;4m╴[0m
[38;2;1;0;7;48;2;2;0;11m▉[38;2;1;0;8;48;2;2;0;13m┊[38;2;1;0;7;48;2;4;0;13m┊[38;2;2;0;12;48;2;4;4;19m╴[38;2;8;4;31;48;2;5;15;47m╴[38;2;82;16;71;48;2;18;29;73m╶[38;2;58;74;138;48;2;28;49;113m╶[38;2;4;21;61;48;2;14;113;185m▄[38;2;127;185;29;48;2;14;42;59m▗[38;2;48;81;33;48;2;139;206;59m▘[38;2;50;183;183;48;2;138;205;66m┎[38;2;69;185;160;48;2;173;244;18m▅[38;2;107;186;93;48;2;89;134;55m▋[38;2;126;175;17;48;2;13;25;36m▘[38;2;1;17;125;48;2;4;13;46m╶[38;2;4;11;44;48;2;2;18;119m▃[38;2;4;12;45;48;2;6;37;127m▄[38;2;3;12;34;48;2;14;28;37m┊[38;2;4;10;38;48;2;10;20;38m┊[38;2;17;28;38;48;2;136;226;44m▏[38;2;120;234;78;48;2;36;214;178m▘[38;2;16;202;214;48;2;48;218;164m▉[38;2;184;241;10;48;2;60;73;31m▋[38;2;212;238;1;48;2;12;22;40m▂[38;2;140;154;29;48;2;41;53;41m▝[38;2;3;146;187;48;2;11;189;219m╴[38;2;92;171;210;48;2;26;193;229m╶[38;2;195;192;94;48;2;40;201;209m▝[38;2;14;200;224;48;2;226;169;78m▅[38;2;51;209;192;48;2;233;215;70m▇[38;2;112;241;87;48;2;30;219;192m╼[38;2;178;122;138;48;2;26;195;188m─[38;2;4;71;84;48;2;54;202;201m▂[38;2;6;13;40;48;2;59;194;183m▂[38;2;6;43;60;48;2;49;195;207m▃[38;2;6;11;37;48;2;47;152;137m▃[38;2;49;8;61;48;2;6;10;37m▗[38;2;66;9;60;48;2;10;8;49m▁[38;2;6;7;38;48;2;2;41;182m▋[38;2;3;8;40;48;2;6;11;43m▏[38;2;87;240;184;48;2;46;107;99m┗[38;2;174;245;20;48;2;24;203;196m▘[38;2;2;195;222;48;2;55;158;99m▉[38;2;117;195;26;48;2;11;40;56m▘[38;2;10;53;207;48;2;7;16;73m┃[38;2;48;11;63;48;2;18;10;32m╶[38;2;78;11;79;48;2;18;9;36m╸[38;2;169;231;5;48;2;24;35;32m▝[38;2;40;211;106;48;2;107;213;132m▃[38;2;7;18;42;48;2;90;209;130m▁[38;2;8;82;84;48;2;19;222;218m▂[38;2;10;18;44;48;2;26;214;198m▁[38;2;10;17;44;48;2;11;208;211m▁[38;2;10;16;44;48;2;7;205;219m▁[38;2;35;62;42;48;2;24;215;195m▁[38;2;73;215;107;48;2;37;136;92m▉[38;2;11;175;118;48;2;5;53;76m▂[38;2;6;33;58;48;2;37;120;151m▌[38;2;6;59;85;48;2;80;142;201m▖[38;2;4;207;240;48;2;144;131;173m▅[38;2;25;203;227;48;2;170;242;84m▆[38;2;49;217;228;48;2;185;192;31m▅[38;2;53;214;225;48;2;136;138;40m▄[38;2;195;229;112;48;2;69;154;134m╸[38;2;37;193;232;48;2;152;145;60m▄[38;2;49;181;223;48;2;193;194;71m▅[38;2;30;189;229;48;2;209;129;134m▇[38;2;30;186;228;48;2;184;96;158m▇[38;2;2;65;99;48;2;40;171;216m▁[38;2;8;30;65;48;2;25;152;181m▄[38;2;8;9;91;48;2;5;10;44m▁[38;2;17;16;163;48;2;3;6;34m▂[38;2;78;14;150;48;2;16;13;76m▁[38;2;81;11;123;48;2;27;15;97m╻[38;2;90;20;114;48;2;14;12;82m▗[38;2;53;13;92;48;2;6;4;42m▏[38;2;0;0;7;48;2;3;2;37m▇[38;2;0;0;5;48;2;0;0;6m┈[38;2;1;0;6;48;2;0;0;5m┈[38;2;0;0;6;48;2;0;0;4m╴[0m
[38;2;0;0;5;48;2;1;0;7m▉[38;2;2;0;9;48;2;6;1;17m▋[38;2;46;2;54;48;2;16;2;32m▗[38;2;82;5;75;48;2;20;8;40m▂[38;2;137;12;78;48;2;28;12;69m▃[38;2;149;16;69;48;2;48;13;60m╱[38;2;80;126;21;48;2;26;15;43m▗[38;2;18;36;40;48;2;112;195;50m▘[38;2;28;193;204;48;2;82;181;84m┷[38;2;166;90;123;48;2;46;133;99m▝[38;2;157;224;9;48;2;68;176;165m▆[38;2;160;228;34;48;2;80;203;117m▇[38;2;221;238;10;48;2;95;97;71m━[38;2;156;171;54;48;2;7;20;42m▆[38;2;175;224;48;48;2;62;83;32m━[38;2;6;14;37;48;2;107;146;37m▄[38;2;5;9;36;48;2;17;33;47m┈[38;2;2;84;93;48;2;4;22;45m╵[38;2;70;84;41;48;2;16;22;36m▁[38;2;78;225;106;48;2;168;217;34m▝[38;2;138;240;27;48;2;69;212;141m┙[38;2;52;185;200;48;2;171;93;145m▃[38;2;89;164;125;48;2;237;248;0m▇[38;2;20;43;42;48;2;114;213;75m▅[38;2;9;32;49;48;2;11;135;140m▉[38;2;4;16;41;48;2;30;202;202m▃[38;2;3;10;40;48;2;42;195;184m▄[38;2;4;10;40;48;2;15;195;173m▅[38;2;14;16;36;48;2;18;188;160m▆[38;2;15;18;43;48;2;13;162;161m▇[38;2;0;118;188;48;2;3;16;72m▁[38;2;0;127;206;48;2;2;37;112m▂[38;2;27;25;114;48;2;6;12;47m▃[38;2;4;7;38;48;2;13;9;42m┊[38;2;62;8;79;48;2;19;9;44m▁[38;2;161;17;123;48;2;42;8;61m▂[38;2;160;24;138;48;2;47;7;67m▅[38;2;137;18;140;48;2;20;6;39m▃[38;2;37;11;80;48;2;7;57;186m▋[38;2;16;45;99;48;2;15;13;55m╶[38;2;1;145;174;48;2;5;27;68m╶[38;2;3;71;107;48;2;0;208;235m▏[38;2;0;181;215;48;2;6;67;101m▘[38;2;66;10;69;48;2;6;10;49m╶[38;2;10;74;194;48;2;23;23;84m┗[38;2;11;18;57;48;2;19;26;73m┊[38;2;231;52;44;48;2;27;9;36m╺[38;2;129;32;38;48;2;14;13;33m╸[38;2;58;180;95;48;2;9;22;42m▊[38;2;50;5;27;48;2;11;9;33m╷[38;2;80;8;50;48;2;14;9;35m▁[38;2;73;6;48;48;2;38;11;45m┄[38;2;149;14;103;48;2;20;15;47m▄[38;2;170;21;125;48;2;34;14;51m▃[38;2;78;23;76;48;2;165;215;40m▉[38;2;148;205;33;48;2;99;89;60m▏[38;2;129;8;102;48;2;14;11;42m▂[38;2;7;8;36;48;2;18;8;39m┈[38;2;5;7;33;48;2;13;9;35m┊[38;2;5;11;36;48;2;3;170;189m▆[38;2;4;23;49;48;2;9;199;237m▅[38;2;10;30;49;48;2;11;193;241m▄[38;2;10;32;39;48;2;14;192;236m▃[38;2;3;34;60;48;2;24;193;238m▃[38;2;2;57;89;48;2;38;183;230m▃[38;2;1;35;63;48;2;16;192;236m▄[38;2;4;21;68;48;2;19;154;193m▃[38;2;13;12;66;48;2;8;129;177m▆[38;2;12;12;104;48;2;4;6;48m╺[38;2;16;8;122;48;2;4;4;40m▂[38;2;8;8;87;48;2;35;15;169m▘[38;2;15;8;80;48;2;105;15;177m▂[38;2;15;5;73;48;2;123;14;171m▃[38;2;42;8;104;48;2;18;8;84m▏[38;2;43;4;76;48;2;9;4;49m▏[38;2;17;5;56;48;2;11;2;37m╴[38;2;10;1;29;48;2;5;0;16m╴[38;2;1;0;7;48;2;2;0;8m┊[38;2;0;0;5;48;2;0;0;4m╴[38;2;1;0;4m╴[0m
[7m[38;2;0;0;4m [0m[38;2;1;0;7;48;2;12;1;19m▉[38;2;61;2;50;48;2;31;3;36m╶[38;2;108;5;78;48;2;152;11;87m▌[38;2;13;4;32;48;2;129;7;79m━[38;2;89;7;80;48;2;7;4;29m▂[38;2;4;10;50;48;2;78;134;16m▇[38;2;4;18;96;48;2;4;35;27m▃[38;2;20;89;41;48;2;4;24;40m▏[38;2;96;188;44;48;2;30;68;43m╱[38;2;18;69;50;48;2;158;214;42m▄[38;2;9;26;48;48;2;128;165;59m▅[38;2;6;15;44;48;2;59;183;58m▇[38;2;59;7;83;48;2;6;8;58m▂[38;2;39;6;63;48;2;13;8;51m╻[38;2;57;9;56;48;2;16;18;67m╼[38;2;128;12;92;48;2;16;10;44m▂[38;2;128;12;82;48;2;16;12;35m▖[38;2;16;24;42;48;2;172;200;165m▊[38;2;123;230;108;48;2;129;234;29m▁[38;2;18;122;50;48;2;132;205;94m▗[38;2;8;32;33;48;2;61;158;70m▅[38;2;3;7;30;48;2;6;17;51m╴[38;2;4;9;34;48;2;12;14;72m▚[38;2;14;11;67;48;2;9;15;46m╴[38;2;78;208;150;48;2;4;22;51m▂[38;2;42;184;211;48;2;2;10;42m▄[38;2;3;133;187;48;2;2;18;53m▅[38;2;0;160;212;48;2;5;60;97m╸[38;2;2;21;53;48;2;2;105;171m▅[38;2;5;34;61;48;2;0;109;184m▇[38;2;2;8;36;48;2;4;20;55m┈[38;2;127;8;115;48;2;14;14;51m╴[38;2;26;9;55;48;2;61;13;84m▋[38;2;57;10;76;48;2;121;16;126m▁[38;2;156;20;144;48;2;212;27;146m▖[38;2;228;27;159;48;2;231;39;148m┊[38;2;225;41;142;48;2;205;30;145m╷[38;2;35;13;60;48;2;103;16;122m━[38;2;71;19;119;48;2;22;12;59m▁[38;2;11;12;60;48;2;54;15;80m▉[38;2;16;49;86;48;2;0;213;205m▋[38;2;2;98;133;48;2;14;18;56m┖[38;2;111;19;104;48;2;22;10;56m▗[38;2;100;33;139;48;2;46;19;97m┏[38;2;135;131;203;48;2;48;26;123m▂[38;2;138;48;172;48;2;31;19;79m▅[38;2;150;32;136;48;2;25;24;58m▄[38;2;183;220;25;48;2;122;65;62m┃[38;2;238;61;88;48;2;43;7;34m▃[38;2;207;69;61;48;2;42;8;43m▃[38;2;162;42;75;48;2;114;13;74m▃[38;2;191;24;110;48;2;224;31;125m▁[38;2;239;69;106;48;2;225;44;120m┐[38;2;227;55;117;48;2;226;206;44m▉[38;2;223;195;41;48;2;223;52;109m▏[38;2;111;9;78;48;2;195;15;113m▝[38;2;178;15;92;48;2;52;7;41m▃[38;2;92;13;54;48;2;56;12;33m▏[38;2;133;34;36;48;2;33;9;27m╷[38;2;19;13;54;48;2;16;4;38m╷[38;2;41;8;112;48;2;12;4;31m▂[38;2;31;13;122;48;2;6;16;32m▄[38;2;4;2;24;48;2;5;5;27m┈[38;2;0;167;205;48;2;19;33;84m│[38;2;11;10;97;48;2;15;7;53m▝[38;2;75;19;124;48;2;9;8;55m▃[38;2;63;16;127;48;2;12;4;42m▅[38;2;41;12;109;48;2;81;70;202m▋[38;2;52;10;162;48;2;26;12;164m▄[38;2;8;5;55;48;2;26;9;134m╺[38;2;6;2;43;48;2;11;7;106m▅[38;2;52;12;111;48;2;17;4;58m└[38;2;72;8;89;48;2;22;4;52m▗[38;2;77;7;83;48;2;17;1;29m▖[38;2;0;0;4;48;2;4;0;11m┊[38;2;0;0;6;48;2;0;0;5m┈[38;2;1;0;4m┈[48;2;0;0;4m [48;2;0;0;3m [0m
[38;2;0;0;3;48;2;0;0;4m▉[48;2;0;0;6m [38;2;7;0;19;48;2;43;7;65m▉[38;2;57;12;88;48;2;23;3;39m╴[38;2;22;5;59;48;2;97;9;101m▅[38;2;33;35;159;48;2;43;8;94m▗[38;2;22;9;80;48;2;74;26;166m▘[38;2;68;25;156;48;2;18;12;90m▍[38;2;11;21;110;48;2;4;11;49m▃[38;2;13;24;44;48;2;3;5;34m╵[38;2;14;9;66;48;2;8;4;38m┙[38;2;56;2;56;48;2;9;6;51m▁[38;2;47;8;80;48;2;19;5;45m▂[38;2;64;5;67;48;2;19;6;52m╴[38;2;137;13;81;48;2;39;8;36m─[38;2;106;11;67;48;2;193;14;112m▎[38;2;234;59;109;48;2;220;32;117m╌[38;2;57;21;51;48;2;226;25;110m▝[38;2;83;27;62;48;2;91;102;115m▇[38;2;13;15;41;48;2;187;206;198m▅[38;2;7;11;38;48;2;11;16;43m╴[38;2;136;8;95;48;2;22;9;53m╺[38;2;131;27;65;48;2;32;12;53m▁[38;2;198;95;66;48;2;41;27;39m▄[38;2;30;38;68;48;2;178;168;81m▂[38;2;19;83;137;48;2;147;220;147m▄[38;2;7;87;152;48;2;91;178;149m▇[38;2;0;79;153;48;2;5;42;83m╸[38;2;0;149;218;48;2;1;42;86m▂[38;2;1;115;160;48;2;3;52;91m▁[38;2;1;92;134;48;2;3;45;83m▗[38;2;5;115;161;48;2;3;63;105m┙[38;2;8;35;75;48;2;18;79;127m▇[38;2;126;18;111;48;2;20;6;43m▘[38;2;93;14;134;48;2;41;6;65m▅[38;2;76;13;117;48;2;208;29;153m▊[38;2;217;31;152;48;2;106;23;126m▍[38;2;87;16;114;48;2;189;27;154m▄[38;2;47;20;113;48;2;114;29;166m▖[38;2;150;41;176;48;2;48;21;103m▅[38;2;66;22;110;48;2;26;14;81m┙[38;2;49;28;85;48;2;1;214;161m▋[38;2;57;51;146;48;2;38;22;90m▗[38;2;105;221;245;48;2;58;41;129m▂[38;2;134;86;178;48;2;69;48;154m╷[38;2;88;52;170;48;2;151;160;214m▆[38;2;179;91;214;48;2;124;87;195m╻[38;2;81;36;104;48;2;63;27;109m╻[38;2;166;192;31;48;2;78;51;65m▊[38;2;46;10;58;48;2;196;35;114m▆[38;2;132;20;55;48;2;51;9;57m╶[38;2;106;32;69;48;2;65;12;63m╵[38;2;89;18;84;48;2;223;33;121m▋[38;2;235;40;123;48;2;158;23;106m▋[38;2;176;26;118;48;2;237;108;97m▇[38;2;158;18;104;48;2;175;29;103m┊[38;2;119;19;69;48;2;232;27;119m▃[38;2;243;93;62;48;2;156;27;83m▆[38;2;248;94;39;48;2;121;25;51m▖[38;2;126;12;56;48;2;66;10;40m╍[38;2;159;18;76;48;2;33;19;87m▘[38;2;17;7;59;48;2;55;16;113m━[38;2;65;12;112;48;2;117;22;146m▝[38;2;20;4;38;48;2;67;8;96m▊[38;2;37;131;198;48;2;103;28;120m▝[38;2;147;25;124;48;2;85;17;122m▂[38;2;119;7;121;48;2;91;11;125m▁[38;2;138;9;125;48;2;114;11;125m▗[38;2;40;3;72;48;2;98;7;106m▝[38;2;25;1;34;48;2;34;6;66m▉[38;2;4;0;19;48;2;47;5;122m▅[38;2;6;2;35;48;2;18;5;68m▇[38;2;5;3;42;48;2;3;1;21m▌[38;2;28;5;79;48;2;6;1;21m▗[38;2;32;6;89;48;2;9;0;19m▃[38;2;19;0;33;48;2;10;0;23m╹[38;2;32;1;52;48;2;6;0;18m╾[38;2;0;0;5;48;2;4;0;12m┈[38;2;0;0;3;48;2;0;0;5m┈[48;2;0;0;3m [0m
[38;2;0;0;3;48;2;0;0;3m [38;2;0;0;4;48;2;0;0;5m┈[38;2;1;0;4;48;2;6;0;14m╴[38;2;43;2;82;48;2;6;1;39m╶[38;2;110;3;130;48;2;40;2;66m━[38;2;71;10;143;48;2;40;6;103m▇[38;2;105;12;159;48;2;63;12;152m▚[38;2;48;20;163;48;2;99;13;160m╸[38;2;86;11;156;48;2;44;18;139m▆[38;2;80;9;141;48;2;12;6;61m▅[38;2;76;15;132;48;2;39;3;53m▆[38;2;40;4;74;48;2;58;9;103m▁[38;2;16;2;31;48;2;51;5;85m▃[38;2;52;5;78;48;2;24;3;62m▇[38;2;116;16;81;48;2;44;6;67m╵[38;2;172;19;92;48;2;64;9;43m▝[38;2;110;16;61;48;2;202;25;104m┏[38;2;163;23;80;48;2;210;27;99m┓[38;2;191;36;80;48;2;240;44;87m▁[38;2;158;30;59;48;2;23;10;34m▍[38;2;234;31;117;48;2;70;12;58m▗[38;2;189;21;89;48;2;47;10;52m▅[38;2;62;12;47;48;2;178;23;85m▆[38;2;83;18;51;48;2;22;19;54m▘[38;2;71;90;42;48;2;12;23;50m╹[38;2;6;65;63;48;2;3;25;56m╴[38;2;2;16;46;48;2;16;49;92m▇[38;2;0;101;155;48;2;2;56;92m▝[38;2;1;46;95;48;2;0;141;218m▄[38;2;0;143;208;48;2;2;33;74m▘[38;2;3;14;45;48;2;1;20;57m▆[38;2;1;6;30;48;2;2;14;40m┈[38;2;2;23;49;48;2;2;9;33m╷[38;2;1;2;20;48;2;7;4;28m┈[38;2;74;1;42;48;2;16;5;44m╴[38;2;20;7;57;48;2;181;29;142m▊[38;2;228;30;160;48;2;40;15;99m▎[38;2;167;29;135;48;2;53;20;99m┗[38;2;79;9;79;48;2;29;12;85m╵[38;2;117;23;124;48;2;36;16;88m╵[38;2;49;4;59;48;2;19;9;67m┊[38;2;26;29;83;48;2;1;219;135m▋[38;2;17;21;74;48;2;25;25;101m╴[38;2;60;28;111;48;2;90;165;226m▆[38;2;57;31;116;48;2;93;66;176m▅[38;2;19;22;112;48;2;109;61;183m▃[38;2;34;22;107;48;2;114;50;170m▆[38;2;85;41;81;48;2;22;13;64m╹[38;2;34;11;47;48;2;120;155;35m▇[38;2;136;41;48;48;2;29;9;43m▗[38;2;36;9;38;48;2;85;19;43m▉[38;2;149;37;50;48;2;47;10;57m╴[38;2;69;20;91;48;2;224;44;102m▊[38;2;228;42;100;48;2;65;13;85m▌[38;2;53;11;88;48;2;60;11;86m┈[38;2;111;32;81;48;2;59;13;74m╸[38;2;32;6;43;48;2;113;25;61m▇[38;2;49;5;28;48;2;237;51;77m▇[38;2;62;9;37;48;2;174;27;64m▇[38;2;106;19;66;48;2;66;16;52m╸[38;2;30;14;82;48;2;69;32;127m▇[38;2;57;25;71;48;2;42;22;82m┊[38;2;129;157;209;48;2;85;37;139m▃[38;2;80;11;81;48;2;28;8;61m▝[38;2;71;8;59;48;2;159;24;124m▃[38;2;111;11;77;48;2;159;18;114m▁[38;2;37;3;37;48;2;124;8;109m▇[38;2;20;1;22;48;2;85;8;85m▆[38;2;36;3;48;48;2;66;5;57m▉[38;2;59;5;53;48;2;29;2;32m╵[38;2;35;0;37;48;2;14;0;19m└[38;2;99;6;89;48;2;23;2;27m╾[38;2;42;3;52;48;2;6;0;13m▁[38;2;35;7;96;48;2;2;0;11m▝[38;2;3;0;13;48;2;38;8;104m▅[38;2;0;0;6;48;2;0;0;7m╻[38;2;0;0;7;48;2;0;0;6m▖[48;2;0;0;4m [38;2;0;0;3;48;2;11;2;41m▆[48;2;0;0;3m [0m
[38;2;0;0;2;48;2;0;0;3m▉ [38;2;1;0;4;48;2;5;0;13m┈[38;2;58;8;72;48;2;9;1;21m▂[38;2;8;4;76;48;2;2;1;25m╼[38;2;4;1;40;48;2;19;7;98m▍[38;2;8;3;50;48;2;31;7;121m▃[38;2;31;8;127;48;2;84;10;148m▆[38;2;51;12;136;48;2;144;8;149m▘[38;2;135;9;152;48;2;94;11;136m▍[38;2;16;1;42;48;2;79;6;115m▄[38;2;110;4;119;48;2;41;3;67m▘[38;2;64;10;75;48;2;14;3;40m▁[38;2;79;7;66;48;2;25;3;32m╻[38;2;69;6;49;48;2;29;4;29m╴[38;2;54;14;39;48;2;120;22;59m▆[38;2;110;16;57;48;2;187;34;91m▝[38;2;61;16;38;48;2;167;20;76m▅[38;2;196;36;95;48;2;101;25;50m┫[38;2;139;26;47;48;2;44;7;25m╸[38;2;51;12;28;48;2;225;40;92m▋[38;2;178;25;67;48;2;53;13;44m▏[38;2;59;15;58;48;2;36;72;101m▉[38;2;33;98;126;48;2;16;9;47m▘[38;2;150;124;61;48;2;31;42;55m▖[38;2;1;4;27;48;2;2;7;31m╴[38;2;26;13;65;48;2;6;7;34m▗[38;2;39;47;78;48;2;6;8;38m▁[38;2;55;38;40;48;2;2;15;42m▁[38;2;1;3;26;48;2;3;17;44m╴[38;2;29;147;172;48;2;3;6;36m▁[38;2;3;56;99;48;2;2;3;33m▁[38;2;2;3;30;48;2;2;7;37m┊[38;2;68;15;50;48;2;5;6;41m╵[38;2;1;4;39;48;2;14;8;48m╴[38;2;8;10;53;48;2;204;40;133m▉[38;2;195;32;127;48;2;16;12;74m▎[38;2;130;32;81;48;2;15;6;65m▁[38;2;1;3;31;48;2;7;4;45m┈[38;2;14;20;64;48;2;122;22;70m▇[38;2;22;74;123;48;2;5;18;86m▁[38;2;24;35;99;48;2;0;215;189m▌[38;2;4;123;150;48;2;36;25;83m▏[38;2;2;11;76;48;2;13;11;67m╴[38;2;42;36;68;48;2;22;12;60m▁[38;2;10;4;59;48;2;30;22;75m┈[38;2;85;14;95;48;2;38;12;73m╵[38;2;90;36;56;48;2;15;7;53m╸[38;2;7;5;40;48;2;27;14;44m╴[38;2;100;53;48;48;2;44;10;42m▃[38;2;79;41;51;48;2;25;10;42m▖[38;2;9;3;33;48;2;29;9;45m╴[38;2;35;11;64;48;2;215;49;79m▉[38;2;234;52;77;48;2;38;8;74m▍[38;2;22;5;52;48;2;30;7;73m▗[38;2;19;1;19;48;2;18;5;49m╴[38;2;21;5;65;48;2;27;5;48m╴[38;2;11;3;32;48;2;38;6;34m┈[38;2;2;0;8;48;2;9;1;13m┈[38;2;22;3;21;48;2;13;2;19m┄[38;2;25;4;31;48;2;47;12;102m▊[38;2;46;8;80;48;2;24;4;33m▏[38;2;53;12;50;48;2;50;43;162m▍[38;2;22;4;44;48;2;49;15;90m▗[38;2;60;6;49;48;2;16;2;23m╸[38;2;29;4;30;48;2;131;12;98m▚[38;2;18;2;24;48;2;108;5;83m▇[38;2;119;12;92;48;2;29;3;29m▁[38;2;63;7;67;48;2;9;4;33m▂[38;2;37;1;31;48;2;7;0;16m┊[38;2;26;14;88;48;2;4;2;24m╻[38;2;1;0;13;48;2;0;0;7m▄[38;2;1;0;11;48;2;27;0;38m▇[38;2;25;3;51;48;2;3;0;12m▝[38;2;10;2;40;48;2;3;0;14m╷[48;2;0;0;6m [38;2;0;0;5m▅[38;2;0;0;3;48;2;0;0;7m┈[48;2;0;0;3m  [0m
[38;2;0;0;3;48;2;0;0;2m▇[48;2;0;0;4m▊[38;2;15;0;17;48;2;3;0;7m╵[38;2;1;0;6;48;2;38;7;59m▇[38;2;0;0;5;48;2;0;0;10m╴[38;2;47;11;108;48;2;12;4;33m┃[38;2;32;4;40;48;2;1;1;19m╴[38;2;0;0;9;48;2;10;9;97m▄[38;2;5;3;27;48;2;112;6;114m▆[38;2;29;6;60;48;2;85;9;111m▃[38;2;3;2;21;48;2;5;1;28m╴[38;2;52;26;108;48;2;13;5;49m╶[38;2;36;14;72;48;2;119;17;118m▇[38;2;12;4;34;48;2;80;10;67m▉[38;2;97;14;77;48;2;22;5;25m▏[38;2;34;10;27;48;2;120;24;71m▉[38;2;178;29;103;48;2;52;13;35m▌[38;2;59;17;41;48;2;25;6;21m▏[38;2;102;66;112;48;2;20;20;38m╹[38;2;1;1;11;48;2;22;4;20m╴[38;2;7;3;15;48;2;213;58;68m▋[38;2;142;28;43;48;2;18;13;39m▏[38;2;44;23;63;48;2;199;31;129m▅[38;2;2;5;40;48;2;7;11;52m╴[38;2;40;25;51;48;2;6;18;60m╶[38;2;90;48;63;48;2;13;28;68m╶[38;2;6;42;140;48;2;10;9;45m▂[38;2;1;17;82;48;2;9;9;40m▂[38;2;1;5;43;48;2;5;10;47m┊[38;2;8;30;101;48;2;1;6;37m▂[38;2;1;15;59;48;2;2;71;99m▇[38;2;1;60;155;48;2;0;6;46m▁[38;2;0;30;109;48;2;1;6;45m▁[38;2;1;2;32;48;2;0;7;46m╴[38;2;0;8;61;48;2;1;3;35m▂[38;2;0;3;34;48;2;7;5;44m┈[38;2;0;2;32;48;2;16;10;60m╴[38;2;2;22;95;48;2;4;7;52m▂[38;2;3;7;51;48;2;2;10;56m┊[38;2;1;33;116;48;2;2;10;66m▗[38;2;14;46;116;48;2;5;18;86m▏[38;2;34;44;102;48;2;10;116;158m▆[38;2;2;14;81;48;2;3;16;70m┈[38;2;1;9;66;48;2;4;9;57m╴[38;2;28;8;55;48;2;5;5;45m╵[38;2;29;15;55;48;2;9;6;43m╵[38;2;3;3;37;48;2;8;4;42m╴[38;2;47;36;49;48;2;7;5;36m▝[38;2;69;53;42;48;2;28;19;43m┕[38;2;53;16;48;48;2;14;6;40m▝[38;2;21;7;51;48;2;11;49;89m▇[38;2;4;3;28;48;2;9;10;52m┈[38;2;10;6;45;48;2;79;22;55m▉[38;2;143;36;68;48;2;8;15;57m▘[38;2;6;5;46;48;2;23;6;73m▆[38;2;26;4;32;48;2;8;3;29m╶[38;2;50;5;27;48;2;21;2;21m┊[38;2;65;8;36;48;2;12;3;20m▖[38;2;1;1;12;48;2;10;3;17m┊[38;2;22;2;26;48;2;12;1;19m┊[38;2;61;2;38;48;2;17;2;27m╷[38;2;1;0;7;48;2;7;1;13m╴[38;2;2;86;196;48;2;6;15;60m┗[38;2;47;1;24;48;2;13;2;19m╶[38;2;35;2;26;48;2;11;1;20m╴[38;2;2;1;18;48;2;11;2;26m╴[38;2;48;6;57;48;2;178;19;135m▋[38;2;93;9;84;48;2;217;28;153m▂[38;2;142;9;109;48;2;24;3;44m▏[38;2;19;2;34;48;2;5;1;22m╶[38;2;10;2;30;48;2;4;1;21m╶[38;2;27;4;62;48;2;6;1;26m╴[38;2;3;2;34;48;2;1;0;14m▁[38;2;4;4;40;48;2;0;0;10m▁[38;2;2;1;27;48;2;0;0;9m▁[38;2;2;1;18;48;2;1;0;10m╴[38;2;1;0;8;48;2;0;0;7m┊[38;2;2;2;30;48;2;1;0;14m╷[38;2;0;0;5;48;2;0;0;7m┊[48;2;0;0;3m▄[0m
[7m[38;2;0;0;3m [0m[38;2;0;0;0;48;2;0;0;3m [38;2;0;0;5;48;2;0;0;4m┗[38;2;0;0;6;48;2;0;0;5m╶[38;2;0;0;9;48;2;0;0;7m▗[38;2;45;13;100;48;2;7;2;24m┗[38;2;2;43;124;48;2;1;2;17m▁[38;2;2;34;110;48;2;10;2;31m▁[38;2;17;10;84;48;2;2;1;25m▎[38;2;19;12;100;48;2;4;3;36m▍[38;2;6;9;46;48;2;5;21;66m▇[38;2;12;36;122;48;2;5;2;33m╸[38;2;2;0;13;48;2;10;3;32m┈[38;2;4;1;21;48;2;162;13;119m▎[38;2;39;5;42;48;2;166;11;118m▗[38;2;78;8;38;48;2;12;2;14m╹[38;2;6;4;13;48;2;25;4;19m┈[38;2;5;1;11;48;2;21;5;20m▇[38;2;1;1;10;48;2;17;3;20m╴[38;2;0;24;48;48;2;3;2;21m▁[38;2;3;19;51;48;2;220;71;61m▋[38;2;139;39;59;48;2;5;37;76m▏[38;2;75;18;80;48;2;15;45;88m╹[38;2;0;60;139;48;2;12;31;88m┈[38;2;7;29;103;48;2;6;15;75m┙[38;2;3;6;50;48;2;33;48;90m┈[38;2;9;22;77;48;2;2;37;136m▇[38;2;4;44;114;48;2;4;16;71m╸[38;2;0;39;128;48;2;1;27;101m╽[38;2;101;62;129;48;2;8;12;64m╶[38;2;141;86;162;48;2;13;15;69m╴[38;2;1;8;55;48;2;0;87;189m▇[38;2;1;3;34;48;2;0;13;75m▇[38;2;1;2;28;48;2;1;6;51m▆[38;2;1;2;29;48;2;0;5;50m▆[38;2;2;3;43;48;2;46;23;66m▉[38;2;79;45;91;48;2;5;3;52m▎[38;2;8;4;62;48;2;3;2;48m┩[38;2;1;2;35;48;2;1;5;55m▂[38;2;0;36;125;48;2;1;8;62m▝[38;2;0;34;123;48;2;0;8;62m▘[38;2;22;56;84;48;2;4;15;54m╿[38;2;30;23;66;48;2;12;15;59m╶[38;2;7;50;149;48;2;4;13;74m▂[38;2;2;53;170;48;2;3;6;50m▂[38;2;0;111;187;48;2;3;14;80m▂[38;2;35;13;88;48;2;25;6;62m▏[38;2;77;57;72;48;2;20;19;52m╺[38;2;161;107;45;48;2;67;48;57m┗[38;2;152;40;54;48;2;61;14;51m┕[38;2;106;32;54;48;2;52;14;50m┚[38;2;36;7;48;48;2;90;57;69m▇[38;2;26;6;52;48;2;84;40;58m▇[38;2;111;24;62;48;2;52;11;61m▏[38;2;53;10;66;48;2;18;5;47m▏[38;2;12;3;31;48;2;27;8;37m╴[38;2;132;24;40;48;2;80;13;41m┓[38;2;8;2;32;48;2;26;6;32m┊[38;2;3;4;27;48;2;3;1;19m▘[38;2;5;0;16;48;2;3;1;17m┊[38;2;1;0;10;48;2;6;0;17m┈[38;2;1;0;11;48;2;6;1;17m┊[38;2;30;13;92;48;2;6;2;40m▄[38;2;2;1;10;48;2;4;0;14m╴[38;2;81;5;55;48;2;15;1;24m╹[38;2;138;14;103;48;2;41;4;47m╶[38;2;13;2;42;48;2;16;2;35m╶[38;2;127;13;88;48;2;11;1;24m╹[38;2;4;2;31;48;2;4;1;18m╴[38;2;3;2;29;48;2;2;0;14m─[38;2;48;4;55;48;2;7;1;21m╴[38;2;15;1;29;48;2;2;1;22m▁[38;2;5;4;36;48;2;4;1;21m╴[38;2;1;0;12;48;2;3;1;27m▇[38;2;6;1;41;48;2;2;0;18m╶[38;2;1;0;16;48;2;6;3;62m▇[38;2;0;0;9;48;2;4;2;53m▆[38;2;0;0;6;48;2;0;0;8m┊[38;2;0;0;7;48;2;0;0;5m╶[38;2;0;0;6;48;2;0;0;4m▎[0m
[7m[38;2;0;0;3m [0m[38;2;0;0;3;48;2;0;0;4m▉ [38;2;1;0;6;48;2;0;0;5m╺[38;2;0;0;8;48;2;1;0;10m▌[38;2;1;0;12;48;2;1;1;14m▋[38;2;2;1;20;48;2;2;20;70m▇[38;2;3;0;20;48;2;3;2;27m╴[38;2;3;1;27;48;2;4;1;32m┈[38;2;16;8;100;48;2;2;1;25m▍[38;2;1;0;10;48;2;1;1;16m▆[38;2;1;0;8;48;2;1;1;15m▇[38;2;12;0;18;48;2;1;0;10m╵[38;2;3;1;20m▁[38;2;20;0;26;48;2;10;1;18m╴[38;2;3;0;11;48;2;21;1;24m┈[38;2;94;8;50;48;2;14;1;17m╺[38;2;2;1;18;48;2;15;3;29m┊[38;2;21;9;91;48;2;5;0;14m▃[38;2;15;3;70;48;2;5;4;31m▂[38;2;41;18;56;48;2;223;61;76m▌[38;2;166;62;88;48;2;22;27;63m▎[38;2;20;12;48;48;2;117;64;65m▆[38;2;4;3;26;48;2;6;12;60m▅[38;2;2;12;36;48;2;2;18;52m┈[38;2;1;1;24;48;2;1;7;34m╴[38;2;3;9;39;48;2;1;4;32m╵[38;2;1;6;47;48;2;1;3;33m┄[38;2;0;11;63;48;2;1;22;91m▇[38;2;4;8;50;48;2;2;6;38m┈[38;2;1;3;30;48;2;1;1;24m▏[38;2;2;3;27;48;2;1;4;29m┊[38;2;7;3;32;48;2;2;1;23m╴[38;2;2;2;31;48;2;2;1;27m┈[38;2;4;7;57;48;2;1;1;24m▁[38;2;2;2;30;48;2;26;5;60m▉[38;2;48;7;82;48;2;4;2;31m▎[38;2;51;6;81;48;2;11;1;39m┍[38;2;1;0;21;48;2;1;1;24m┈[38;2;1;28;109;48;2;1;2;30m▗[38;2;1;30;114;48;2;3;5;43m▖[38;2;31;84;111;48;2;6;15;51m│[38;2;28;37;118;48;2;8;16;63m╺[38;2;1;42;151;48;2;7;24;100m┗[38;2;2;15;87;48;2;3;65;190m▄[38;2;0;177;246;48;2;3;66;148m▘[38;2;44;29;110;48;2;8;5;55m▎[38;2;5;4;41;48;2;10;8;45m▇[38;2;45;70;54;48;2;11;17;48m╹[38;2;26;6;37;48;2;12;3;28m╏[38;2;1;23;94;48;2;15;4;42m▃[38;2;6;2;35;48;2;7;3;39m╴[38;2;15;1;33;48;2;108;12;51m▉[38;2;146;19;56;48;2;31;2;40m▖[38;2;22;4;38;48;2;63;10;91m▆[38;2;95;19;105;48;2;37;4;49m━[38;2;232;95;46;48;2;141;26;61m╻[38;2;94;11;93;48;2;35;3;55m▁[38;2;30;2;48;48;2;20;2;45m╵[38;2;5;42;96;48;2;4;18;54m┶[38;2;28;7;58;48;2;7;3;37m╌[38;2;32;7;63;48;2;9;1;36m─[38;2;9;7;63;48;2;6;2;39m▖[38;2;27;4;50;48;2;9;2;35m╶[38;2;37;3;38;48;2;11;2;36m▏[38;2;52;7;51;48;2;11;1;38m╻[38;2;5;2;40;48;2;10;1;30m┈[38;2;5;0;24;48;2;19;2;35m┊[38;2;33;4;47;48;2;9;2;30m╺[38;2;2;0;17;48;2;7;1;24m┊[38;2;5;2;31;48;2;1;1;16m╸[38;2;2;1;18;48;2;1;0;16m┗[38;2;3;1;21;48;2;2;1;16m╺[38;2;2;1;20;48;2;1;0;14m┑[38;2;1;0;12;48;2;0;0;9m┳[38;2;3;1;17;48;2;1;0;9m╵[38;2;0;0;7;48;2;0;0;6m┈[48;2;0;0;5m [48;2;0;0;4m  [0m
[7m[38;2;0;0;3m [0m[38;2;0;0;0;48;2;0;0;3m  [38;2;0;0;6;48;2;0;0;4m▝[38;2;1;0;7;48;2;0;0;6m▝[38;2;0;0;8;48;2;1;0;11m▆[38;2;1;0;11;48;2;2;0;15m▅[38;2;3;1;21;48;2;2;1;16m╵[38;2;9;3;54;48;2;2;0;17m▝[38;2;17;6;98;48;2;6;1;35m▘[38;2;6;1;29;48;2;3;1;21m▄[38;2;4;1;24;48;2;4;2;30m▉[38;2;15;2;36;48;2;5;1;25m╵[38;2;4;1;22;48;2;4;1;20m┈[38;2;3;0;20;48;2;6;1;30m▅[38;2;11;1;32;48;2;7;1;30m┈[38;2;28;1;47;48;2;11;1;35m╵[38;2;70;6;88;48;2;15;2;42m╺[38;2;89;6;88;48;2;45;3;63m╃[38;2;78;3;91;48;2;14;1;39m╸[38;2;15;1;39;48;2;133;22;88m▆[38;2;11;2;37;48;2;22;3;35m┊[38;2;13;3;48;48;2;8;1;25m┈[38;2;3;1;24;48;2;2;5;29m╴[38;2;1;0;16;48;2;2;12;49m╴[38;2;0;2;34;48;2;0;9;56m╴[38;2;0;1;32;48;2;1;8;46m┊[38;2;1;2;28;48;2;1;6;43m┈[38;2;1;2;34;48;2;0;11;68m▇[38;2;2;2;20;48;2;1;3;35m▗[38;2;2;2;35;48;2;2;1;23m▘[38;2;2;6;37;48;2;4;2;28m┊[38;2;10;4;36;48;2;2;1;25m╹[38;2;2;27;143;48;2;3;4;43m▗[38;2;5;25;127;48;2;6;6;58m▊[38;2;5;4;37;48;2;74;9;85m▊[38;2;80;7;94;48;2;3;1;29m▍[38;2;55;8;116;48;2;12;3;52m╹[38;2;2;1;28;48;2;6;5;58m▅[38;2;5;5;39;48;2;1;29;113m▋[38;2;1;24;103;48;2;3;4;40m▍[38;2;1;69;117;48;2;2;16;60m╻[38;2;0;2;34;48;2;3;7;47m╴[38;2;4;7;50;48;2;4;13;70m▅[38;2;1;3;36;48;2;2;8;58m▅[38;2;1;15;82;48;2;2;6;49m╹[38;2;17;18;74;48;2;6;3;41m▎[38;2;3;3;35;48;2;9;11;78m▆[38;2;3;8;49;48;2;3;3;32m▍[38;2;2;0;13;48;2;7;1;18m┈[38;2;1;0;17;48;2;1;20;77m▅[38;2;2;0;18;48;2;4;1;26m▅[38;2;27;2;34;48;2;163;12;79m▊[38;2;175;16;79;48;2;44;2;53m▌[38;2;76;4;69;48;2;22;1;42m▖[38;2;15;1;36;48;2;33;3;41m▉[38;2;179;35;51;48;2;68;4;49m╹[38;2;18;3;49;48;2;102;31;128m▆[38;2;37;8;106;48;2;19;5;58m━[38;2;32;9;101;48;2;22;7;74m▃[38;2;17;4;66;48;2;12;1;46m▍[38;2;19;1;53;48;2;6;2;39m▄[38;2;17;5;70;48;2;13;3;50m▌[38;2;9;1;31;48;2;14;2;40m┈[38;2;162;19;90;48;2;27;3;55m╺[38;2;80;9;92;48;2;29;3;58m╸[38;2;60;4;73;48;2;23;2;44m╶[38;2;82;4;62;48;2;15;2;36m╴[38;2;15;1;34;48;2;5;1;34m╷[38;2;11;6;63;48;2;3;3;46m▁[38;2;8;7;89;48;2;4;2;41m▁[38;2;6;5;60;48;2;8;1;25m▃[38;2;1;0;14;48;2;2;0;18m┊[48;2;1;0;11m╴[38;2;1;0;10;48;2;0;0;7m▘[38;2;0;0;6;48;2;0;0;5m▋[38;2;0;0;5;48;2;0;0;4m▘   [0m
[38;2;0;0;2;48;2;0;0;3m▉[38;2;0;0;3;48;2;0;0;2m┈[48;2;0;0;3m [38;2;0;0;4m┊[48;2;0;0;5m [38;2;1;0;7;48;2;0;0;6m▝[38;2;0;0;7;48;2;0;0;8m▋[38;2;0;0;8;48;2;0;0;11m▆[38;2;1;0;10;48;2;1;0;13m▆[38;2;1;0;11;48;2;2;0;17m╴[38;2;0;10;39;48;2;2;0;15m▂[38;2;1;16;50;48;2;1;1;16m▃[38;2;0;30;64;48;2;1;5;22m╴[38;2;1;3;25;48;2;1;1;13m╸[38;2;1;0;8;48;2;2;1;18m▅[38;2;1;0;6;48;2;1;0;10m╴[38;2;1;0;10;48;2;1;0;8m▝[38;2;1;0;7;48;2;4;0;13m┈[38;2;11;1;36;48;2;6;0;19m▂[38;2;0;0;6;48;2;10;0;29m▂[38;2;1;0;11;48;2;16;1;38m▆[38;2;0;3;62;48;2;2;0;17m▂[38;2;7;1;28;48;2;10;6;79m▘[38;2;57;21;84;48;2;9;13;93m▂[38;2;32;16;57;48;2;3;13;88m▄[38;2;35;11;61;48;2;7;6;52m▗[38;2;27;14;95;48;2;5;8;65m▖[38;2;5;2;51;48;2;7;11;61m╴[38;2;2;1;28;48;2;2;2;35m┊[38;2;13;5;67;48;2;3;1;25m▃[38;2;3;6;47;48;2;3;2;33m╵[38;2;3;1;28;48;2;3;3;36m▇[38;2;1;0;18;48;2;3;1;29m▃[38;2;3;13;97;48;2;2;1;26m▝[38;2;8;3;43;48;2;9;15;98m▃[38;2;3;1;24;48;2;12;3;42m┊[38;2;11;1;36;48;2;45;4;59m▇[38;2;6;1;38;48;2;4;0;25m╹[38;2;5;6;56;48;2;2;1;22m╶[38;2;1;2;29;48;2;2;6;47m▇[38;2;1;5;43;48;2;3;4;34m╴[38;2;0;46;90;48;2;1;10;36m▝[38;2;1;14;49;48;2;1;2;27m▗[38;2;1;3;33;48;2;1;1;20m▝[38;2;1;0;15;48;2;2;2;28m▇[38;2;1;0;16;48;2;1;1;23m┈[38;2;2;2;29;48;2;6;3;39m▇[38;2;1;0;14;48;2;2;2;23m▄[38;2;0;0;9;48;2;1;2;23m▅[38;2;18;1;18;48;2;2;0;11m╵[38;2;0;0;7;48;2;1;0;10m▄[48;2;2;0;9m┈[38;2;30;3;30;48;2;90;4;66m▋[38;2;119;7;78;48;2;46;2;53m▘[38;2;8;0;25;48;2;16;0;38m▅[38;2;7;0;24;48;2;12;0;34m▆[38;2;18;0;36;48;2;27;0;40m▇[38;2;22;0;41;48;2;8;0;28m▏[38;2;9;0;45;48;2;4;1;24m╸[38;2;13;5;67;48;2;8;3;48m┆[38;2;11;1;35;48;2;25;6;84m▄[38;2;31;7;94;48;2;14;3;51m━[38;2;32;7;100;48;2;13;3;49m▖[38;2;2;0;14;48;2;13;2;47m▄[38;2;7;1;30;48;2;16;3;53m▅[38;2;17;3;57;48;2;8;1;31m▁[38;2;2;0;13;48;2;16;2;46m▇[38;2;7;1;26;48;2;2;0;12m▝[38;2;3;0;19;48;2;8;1;42m▇[38;2;6;1;26;48;2;9;4;56m▇[38;2;7;2;34;48;2;18;7;85m▆[38;2;3;1;26;48;2;11;9;100m▆[38;2;1;0;19;48;2;5;3;48m▇[38;2;1;0;12;48;2;0;0;7m▘[48;2;0;0;5m [48;2;0;0;4m  [48;2;0;0;3m  [38;2;0;0;2m▁[0m
[38;2;0;0;1;48;2;0;0;1m [48;2;0;0;2m [38;2;0;0;2;48;2;0;0;3m▖[38;2;0;0;4m┊[38;2;0;0;5;48;2;0;0;4m▝[48;2;0;0;6m▇[38;2;0;0;7m╶[38;2;0;3;20;48;2;0;0;8m╼[38;2;0;5;24;48;2;0;1;14m╸[38;2;0;0;9;48;2;0;9;40m▅[48;2;1;12;47m▇[38;2;0;0;6;48;2;0;0;8m┈[38;2;1;0;7;48;2;1;0;8m▆[38;2;3;1;24m╺[38;2;1;0;11;48;2;0;0;8m▘[38;2;0;0;7;48;2;1;0;9m▄[38;2;1;0;8;48;2;0;0;8m┈[38;2;1;0;10;48;2;9;1;31m▇[38;2;0;0;7;48;2;0;0;8m┈[48;2;0;0;10m╴[38;2;0;0;14;48;2;1;3;46m▘[38;2;0;0;15;48;2;1;5;75m▄[38;2;1;0;14;48;2;0;5;70m▅[38;2;1;0;12;48;2;24;9;51m▇[38;2;2;0;13;48;2;13;5;34m▇[38;2;15;17;36;48;2;2;2;19m╵[38;2;5;5;59;48;2;3;2;36m┃[38;2;3;0;26;48;2;9;0;41m▋[38;2;10;2;55;48;2;3;0;25m╱[38;2;7;2;39;48;2;1;0;13m▘[38;2;1;0;11;48;2;4;1;28m▃[38;2;7;1;37;48;2;2;0;18m▃[38;2;1;0;10;48;2;1;0;14m▇[38;2;0;0;7;48;2;1;0;12m▃[38;2;7;1;42;48;2;1;0;13m━[38;2;1;0;11;48;2;2;0;19m▅[38;2;5;0;28;48;2;2;0;14m▘[38;2;1;0;10;48;2;2;0;16m▅[38;2;0;0;9;48;2;1;0;16m▅[48;2;1;0;13m▄[38;2;1;1;19;48;2;0;0;10m▘[38;2;0;0;8;48;2;0;0;12m▄[38;2;2;9;42;48;2;1;1;14m▝[38;2;1;3;28;48;2;0;0;10m▏[38;2;1;0;9;48;2;0;0;8m╴[38;2;0;0;8;48;2;0;0;13m▉[38;2;1;0;18;48;2;0;0;9m▘[38;2;1;0;11;48;2;0;0;6m▘[38;2;0;0;5m▉[38;2;1;0;7m┗[48;2;0;0;5m▘[38;2;0;0;6m╶[38;2;3;0;13;48;2;14;0;33m▋[38;2;8;0;22;48;2;24;1;42m▃[38;2;29;1;47;48;2;10;0;26m▘[38;2;2;0;11;48;2;5;0;18m▄[38;2;4;0;16;48;2;15;1;32m▇[38;2;2;0;13;48;2;10;0;27m▇[38;2;1;0;9;48;2;2;0;15m▆[38;2;7;1;34;48;2;4;0;20m▝[38;2;2;0;14;48;2;1;0;9m▘[38;2;1;0;7;48;2;7;2;30m▇[38;2;0;0;7;48;2;17;3;66m▇[38;2;1;0;7;48;2;0;0;7m┈[38;2;0;0;5;48;2;0;0;6m▂[48;2;11;2;41m▇[48;2;10;1;38m▅[38;2;13;2;49;48;2;1;0;9m━[38;2;8;1;33m▖[38;2;3;0;10;48;2;1;0;7m╶[38;2;1;0;8;48;2;2;0;15m▅[38;2;1;0;7m▆[38;2;4;1;19;48;2;1;0;8m╺[38;2;4;1;24;48;2;0;0;6m╸[48;2;0;0;5m [38;2;0;0;4m▂[48;2;0;0;4m [48;2;0;0;3m╴ [48;2;0;0;2m [0m
[7m[38;2;0;0;1m [0m[38;2;0;0;0;48;2;0;0;1m [38;2;0;0;1;48;2;0;0;2m▇[48;2;0;0;3m▅ [38;2;0;0;3;48;2;0;0;4m▊[38;2;0;0;5m╹[38;2;0;0;4;48;2;0;0;6m▇[38;2;0;0;5m▇[38;2;0;0;4;48;2;0;0;5m▄[38;2;0;0;5;48;2;0;0;6m▇▇╴[38;2;0;0;7m┉[38;2;1;0;6m╵   [38;2;0;0;6;48;2;0;0;8m▇[48;2;0;0;7m [48;2;0;1;39m▇[38;2;0;0;5;48;2;0;0;6m┈▅[48;2;0;0;7m▇[48;2;1;0;9m▇[48;2;0;0;9m▇[38;2;0;0;6;48;2;0;0;13m▇[38;2;0;0;5;48;2;3;0;24m▇[38;2;1;0;8;48;2;0;0;6m╹[38;2;0;0;5;48;2;0;0;7m▆[48;2;0;0;8m▇[48;2;4;0;24m▇[38;2;0;0;4;48;2;1;0;8m┈[48;2;0;0;6m▇[38;2;0;0;7;48;2;0;0;5m╵[38;2;0;0;4;48;2;0;0;7m▇[38;2;0;0;5;48;2;1;0;7m▆[38;2;0;0;4;48;2;0;0;5m▄[48;2;0;0;6m▇▅[38;2;0;0;5;48;2;0;0;7m▇[38;2;0;0;4;48;2;0;0;5m▆[38;2;0;0;5;48;2;1;1;12m▇[38;2;0;0;3;48;2;0;0;4m┈[48;2;0;0;5m▆[48;2;0;0;4m [48;2;0;0;5m▅[48;2;0;0;4m▇[48;2;0;0;3m [38;2;0;0;5;48;2;0;0;4m╹ [38;2;0;0;3m▇[38;2;0;0;5;48;2;7;0;25m▇[48;2;4;0;14m▆[48;2;1;0;8m▆▆[48;2;0;0;7m▅▅[38;2;0;0;7;48;2;0;0;6m┊[38;2;0;0;5;48;2;1;0;11m▇[48;2;0;0;7m▆[38;2;0;0;4;48;2;0;0;6m▆[38;2;0;0;5;48;2;0;0;4m▏╵▘[38;2;0;0;4;48;2;0;0;3m▏ ╹[38;2;0;0;3;48;2;0;0;4m▇[48;2;0;0;5m▇▅[48;2;0;0;6m▆[48;2;0;0;4m▆[48;2;0;0;2m┆[38;2;0;0;2;48;2;0;0;3m▇[38;2;0;0;1m▅[38;2;0;0;2m▅▇[38;2;0;0;1;48;2;0;0;2m▇[48;2;0;0;1m [0m
[?25h