[?25l[0m[38;5;16;48;5;16m                                           [38;5;232m▃▄▄ ▖  ▂▃▂                           [0m
[38;5;16;48;5;16m                [38;5;232m╷ [38;5;234;48;5;232m┏[38;5;233;48;5;16m▏  [38;5;232m▂ ▃ [38;5;16;48;5;232m┊┊      [38;5;236;48;5;233m┌[38;5;233;48;5;232m╴[38;5;17m╷          [38;5;233m╻[38;5;234m╴  [38;5;233m▂▃▁   [38;5;232;48;5;16m▄[48;5;232m [48;5;16m▁▃▃▃▃▄▃▂╷▃  ▁▂▂ ▁    [0m
[38;5;16;48;5;16m        [38;5;232m▗▄▅╸ ┌[38;5;16;48;5;232m╴[48;5;16m [38;5;232m▂▃[48;5;17m▍[38;5;17;48;5;232m▏[38;5;233m▁    ┊▃ ╵[38;5;54;48;5;234m▁[38;5;24m┒[48;5;233m [38;5;233;48;5;232m┎▗[48;5;54m▌[38;5;17;48;5;233m▘[38;5;60m│[38;5;90;48;5;234m▃[48;5;233m [38;5;233;48;5;232m▄▃[48;5;23m▊[48;5;233m [38;5;235m▁[48;5;234m [48;5;233m [38;5;23m▂[38;5;24m▃[38;5;23m▂[38;5;233;48;5;234m╴[38;5;17;48;5;233m▄[38;5;233;48;5;17m┈╴[38;5;25;48;5;233m▃[38;5;17;48;5;232m▄[48;5;233m╷ [38;5;233;48;5;232m▄▅[38;5;232;48;5;233m┊[38;5;233;48;5;232m▃▗▃▄[38;5;234m▁┌[38;5;233m▂▂▂▂[38;5;89;48;5;233m▁[38;5;131;48;5;234m▃[38;5;124;48;5;235m╾[38;5;234;48;5;233m▖[38;5;233;48;5;232m▁▂ [38;5;232;48;5;16m▖  [0m
[38;5;16;48;5;16m    [38;5;232m▂▁[48;5;232m       [38;5;17m╴ [38;5;8m╺[38;5;232;48;5;234m┈[38;5;8;48;5;233m▁[48;5;234m▁[38;5;236;48;5;232m▁[48;5;234m┈[38;5;60m╺[38;5;239m▖[48;5;233m  [38;5;17m▄▅[38;5;233;48;5;234m┊ [38;5;235;48;5;17m╴    [38;5;60m▗[38;5;24m╴[38;5;61m│[38;5;24;48;5;60m▇[48;5;17m   [38;5;31m╷[38;5;235;48;5;23m▇[38;5;17;48;5;233m╻[38;5;233;48;5;237m▊[48;5;17m [38;5;240;48;5;236m╏[38;5;236;48;5;235m╶[38;5;89m╴[48;5;17m [38;5;233m╻ [38;5;31;48;5;4m▝[38;5;25;48;5;24m╸[48;5;17m      [38;5;232;48;5;233m┈[38;5;234m╹[38;5;17;48;5;234m▄[48;5;17m [38;5;233m┈[38;5;235;48;5;234m╶[38;5;53m╷[48;5;235m╸[38;5;132m▂[38;5;168;48;5;236m▅[38;5;53;48;5;131m▃[38;5;17;48;5;53m▄[38;5;38;48;5;17m╶[38;5;31;48;5;23m╸[38;5;23;48;5;17m▏[38;5;19;48;5;234m╼[48;5;233m [38;5;233;48;5;232m▁ [48;5;16m [0m
[38;5;16;48;5;16m   [48;5;232m┊[38;5;233m▂ [48;5;233m [48;5;234m▌[38;5;234;48;5;232m▆[48;5;233m┈ [38;5;17;48;5;234m╷[38;5;45;48;5;17m╺[38;5;38m╾[38;5;23;48;5;233m▁[38;5;234m╴[38;5;233;48;5;54m▇[48;5;8m▇[48;5;234m┊[38;5;238;48;5;235m╷[48;5;234m╷[48;5;17m [38;5;4;48;5;23m▇[48;5;17m    [38;5;53m▁[38;5;17;48;5;233m▎[38;5;234;48;5;232m╶[38;5;17;48;5;233m╴[38;5;4;48;5;17m┌  [38;5;54m│[38;5;8;48;5;233m╷[48;5;234m [38;5;233;48;5;17m▇[38;5;32;48;5;4m╻[38;5;24m╶[38;5;18;48;5;38m▉[38;5;32;48;5;17m▊[38;5;234;48;5;239m┫[38;5;24;48;5;17m┃[38;5;234;48;5;25m▊[38;5;54;48;5;4m▎[38;5;24m╴[38;5;4;48;5;238m▇[38;5;237;48;5;17m┋▏[38;5;17;48;5;4m▎┊[38;5;233;48;5;17m▄[38;5;24m╺[48;5;18m╵[38;5;17m┺[38;5;18;48;5;4m▄[38;5;4;48;5;234m▎[38;5;17;48;5;233m▖[48;5;234m┈[38;5;31;48;5;17m╺[38;5;25m┉[38;5;54;48;5;4m▗[38;5;61m▂[38;5;53m╸[38;5;132;48;5;53m▂[38;5;168m▄[38;5;180;48;5;132m╸[38;5;25;48;5;168m▄[48;5;96m▆[38;5;38;48;5;24m▃[38;5;45m╼[38;5;53;48;5;31m▄[48;5;44m▆[38;5;167;48;5;238m─[38;5;131;48;5;235m━[38;5;233m┊[38;5;232;48;5;233m▇[48;5;232m [48;5;16m [0m
[38;5;16;48;5;16m  [38;5;232m▗[48;5;232m [38;5;233m╺[38;5;235;48;5;233m▁[38;5;17;48;5;234m▗[48;5;17m [38;5;53m▂  ▃[38;5;54m▁ [38;5;53m▁ ╹[38;5;236m╺[38;5;17;48;5;25m▊[38;5;25;48;5;4m▎[38;5;24;48;5;17m╵[38;5;17;48;5;4m▉[38;5;18m╴ ▃[38;5;53m╵[38;5;17m▗[38;5;18m┈[38;5;233;48;5;17m┊[38;5;235m┅[38;5;17;48;5;234m╴[38;5;4;48;5;25m▋[38;5;18;48;5;17m▏[48;5;233m [38;5;235;48;5;234m┊┊[38;5;237;48;5;235m┊[38;5;234;48;5;17m╴[38;5;17;48;5;32m▎[48;5;25m [38;5;25;48;5;38m▉[38;5;32;48;5;4m▌[48;5;17m [38;5;23;48;5;233m╹[38;5;17;48;5;31m▊[48;5;24m▃[38;5;25;48;5;17m╸[38;5;17;48;5;24m▅[38;5;238;48;5;17m╵[38;5;17;48;5;18m▖[38;5;53m╹[38;5;61;48;5;235m▏[48;5;233m  [38;5;234;48;5;54m▌[38;5;17;48;5;18m▆[38;5;97;48;5;55m╶[38;5;54;48;5;233m▎[38;5;233;48;5;53m▉[38;5;17;48;5;234m┊[38;5;59m▁[38;5;233m┊[38;5;97;48;5;60m▗[38;5;168;48;5;61m╼[38;5;132;48;5;97m▝[38;5;4;48;5;137m▆[38;5;61;48;5;96m▆[38;5;74;48;5;61m╼[38;5;55;48;5;32m▄[38;5;54;48;5;38m▆[38;5;89;48;5;236m━[38;5;234;48;5;53m▅[38;5;235;48;5;125m▇[38;5;233;48;5;235m▅[48;5;234m▇[48;5;233m [48;5;232m▏  [48;5;16m [0m
[38;5;16;48;5;16m  [48;5;232m▌ [38;5;234m▁[38;5;235;48;5;233m▁[38;5;60;48;5;236m▂[38;5;61;48;5;53m▁[38;5;235;48;5;234m▏[38;5;31;48;5;17m╺[38;5;81;48;5;23m━[38;5;74;48;5;4m▖[38;5;17m▃[38;5;4;48;5;17m▄[48;5;60m▌[38;5;60;48;5;53m▆[38;5;97;48;5;54m▁[38;5;53;48;5;17m╷[38;5;30;48;5;23m▗[38;5;42m─[38;5;43;48;5;6m╼[38;5;71;48;5;24m▂[38;5;31m▁[38;5;61;48;5;18m▂[38;5;4;48;5;61m▋[38;5;25;48;5;17m▊[38;5;4;48;5;235m▘[38;5;17;48;5;61m▉[38;5;61;48;5;17m▏[38;5;238;48;5;235m┊[38;5;233;48;5;17m╴[38;5;17;48;5;24m▎[38;5;23;48;5;17m▝[38;5;124;48;5;236m╶[38;5;1;48;5;237m┄[38;5;17;48;5;18m▊[48;5;17m [48;5;24m▊[38;5;4;48;5;32m▎[38;5;18;48;5;26m▖[38;5;32m▄[48;5;4m▌[38;5;23;48;5;17m╴ [38;5;238m╷[38;5;23m▃[38;5;17;48;5;240m▉[38;5;4;48;5;24m┊[38;5;24;48;5;17m▁[38;5;25;48;5;4m▝[38;5;62;48;5;55m▇[38;5;101;48;5;4m▗[38;5;180;48;5;17m▗[38;5;102m▗[38;5;17;48;5;4m▆[38;5;53;48;5;17m╷[38;5;25;48;5;61m▂[38;5;61;48;5;24m▏[38;5;24;48;5;17m╸[38;5;17;48;5;66m▊[38;5;243;48;5;23m▘[38;5;59m┚[38;5;4;48;5;61m▍[38;5;98;48;5;54m┛[38;5;54;48;5;68m▆[38;5;61;48;5;18m╹[38;5;55;48;5;91m▅[48;5;132m▇[38;5;24;48;5;18m┈[38;5;4;48;5;234m▌[38;5;24;48;5;17m▁[48;5;235m▁[38;5;23;48;5;233m▁ [38;5;17m╷[38;5;233;48;5;234m┈[38;5;238m╷[38;5;234;48;5;232m╸ [48;5;16m [0m
[38;5;16;48;5;16m [38;5;234m▗[38;5;17;48;5;232m▁[38;5;53;48;5;233m╶[38;5;234m╴[38;5;23m▗[38;5;233;48;5;53m▆[38;5;234;48;5;125m▃[48;5;5m▂[38;5;90;48;5;233m▄[48;5;236m▂[38;5;54;48;5;235m▂[38;5;235;48;5;240m▊[38;5;175;48;5;17m▄[38;5;97;48;5;60m▖[38;5;25m▃[38;5;32m▗[38;5;37;48;5;24m╼[38;5;100;48;5;237m▁[38;5;184;48;5;236m▅[38;5;190m▅[48;5;235m▄[38;5;226;48;5;8m▂[38;5;184;48;5;238m▁[38;5;235;48;5;66m▄[38;5;77;48;5;60m┉[38;5;78;48;5;23m▄ [38;5;65;48;5;237m▁[38;5;148;48;5;236m▁[38;5;113;48;5;23m▂[38;5;149m▂[38;5;107m▃[38;5;101;48;5;237m▃[38;5;65;48;5;238m▃[38;5;80;48;5;24m─[38;5;51m─[38;5;38m╾─╼[38;5;234;48;5;38m▂▂[38;5;45;48;5;23m━━━[38;5;234;48;5;38m▃▃[38;5;38;48;5;25m▇[38;5;235;48;5;38m▁[38;5;38;48;5;30m┈[38;5;44;48;5;66m─[38;5;108;48;5;240m╌[38;5;64;48;5;239m╻[38;5;71m┈╺[38;5;107;48;5;23m▃[38;5;119m▁[38;5;36;48;5;24m▃[38;5;97;48;5;30m╸[38;5;78;48;5;24m▃[38;5;80m━[38;5;235;48;5;38m▄[38;5;142;48;5;24m▁[38;5;184;48;5;23m▂[38;5;185m▂[38;5;143;48;5;24m▂[38;5;236;48;5;32m▅[38;5;38;48;5;23m━[38;5;31;48;5;25m▃[48;5;17m [38;5;233;48;5;234m┊┈[48;5;233m  [38;5;236;48;5;125m▇[38;5;233;48;5;236m▇[48;5;232m   [38;5;232;48;5;16m▍[0m
[38;5;16;48;5;16m [38;5;232m▁[48;5;17m▇[38;5;233m▉[48;5;23m▉[38;5;234m▉[38;5;37m┱[38;5;31;48;5;234m▖[38;5;234;48;5;53m▉[48;5;54m [38;5;54;48;5;90m▇[38;5;90;48;5;60m▘[38;5;54;48;5;90m▆[48;5;97m▇[38;5;17m▅[38;5;4;48;5;61m▆[38;5;36;48;5;24m╱[38;5;148;48;5;234m╺[38;5;235;48;5;148m▃[38;5;236m▖[38;5;184;48;5;190m╷  [38;5;8;48;5;184m▅[38;5;235;48;5;58m▆[38;5;249;48;5;23m▝[38;5;3;48;5;157m▆[38;5;58;48;5;149m━[38;5;226;48;5;238m▄[48;5;58m▄[38;5;190;48;5;235m▅[48;5;236m▅[48;5;234m▆[48;5;235m▆[48;5;234m▇[38;5;235;48;5;142m▗[38;5;148;48;5;234m▗[38;5;191;48;5;235m▆[48;5;238m▆[48;5;234m▇▇▇[48;5;237m▇[38;5;190;48;5;186m▄▄▄[38;5;185;48;5;237m▌[38;5;239;48;5;80m▆[38;5;184;48;5;235m▆[38;5;190;48;5;234m▆[48;5;235m▆[48;5;237m▆[38;5;227m▆[38;5;190;48;5;8m▆[48;5;237m▆[38;5;191;48;5;238m▆[38;5;106;48;5;236m▏[38;5;234;48;5;71m▇[38;5;235m▅[38;5;184;48;5;236m▃[38;5;190m▅[48;5;3m▇[48;5;191m▉[38;5;227;48;5;190m▘[38;5;154m▂[38;5;190;48;5;226m▄[38;5;154;48;5;190m▁[48;5;237m▆[38;5;148;48;5;234m▖[38;5;235;48;5;30m▅[38;5;113;48;5;236m▖[38;5;53;48;5;17m╺[38;5;234;48;5;53m▉[38;5;91;48;5;233m▄[38;5;24;48;5;17m╼[38;5;232;48;5;234m┊[38;5;17;48;5;232m▁  [38;5;232;48;5;16m▊[0m
[38;5;232;48;5;232m  [48;5;233m▋[38;5;233;48;5;232m▎[38;5;24;48;5;234m┏[38;5;18m┐[38;5;24m▖[38;5;234;48;5;233m▖[38;5;232m╴[38;5;233;48;5;243m▋[38;5;242;48;5;17m▎[38;5;17;48;5;4m▆[48;5;54m▁[38;5;4m▆[38;5;237;48;5;17m╷[38;5;29;48;5;23m▗[38;5;235;48;5;35m▗[38;5;100;48;5;235m▗[38;5;235;48;5;148m▘[38;5;64;48;5;190m▗[38;5;100m▏  [38;5;185;48;5;234m▏[38;5;29;48;5;235m└[38;5;190;48;5;236m▗[48;5;190m [38;5;235;48;5;148m▗[38;5;234;48;5;190m▆[48;5;148m▆[38;5;236;48;5;184m▇[38;5;184;48;5;58m▃[48;5;190m  [38;5;237;48;5;148m▄[38;5;234;48;5;58m▉[38;5;235;48;5;148m▂[38;5;233m▃[38;5;235;48;5;190m▄[38;5;236m▄[38;5;3m▖[38;5;184m╵ [38;5;235m▄[38;5;233;48;5;154m▄[38;5;234;48;5;190m▄[38;5;106;48;5;234m▋ [38;5;190;48;5;237m▝[38;5;58;48;5;190m▄▄[38;5;234m▄[38;5;235m▄▄[38;5;234;48;5;154m▃[38;5;148;48;5;237m▊[48;5;234m [38;5;184;48;5;236m▗[38;5;100;48;5;190m▘[38;5;154m╴[38;5;64;48;5;154m▗[38;5;234;48;5;112m▄[38;5;233;48;5;106m▆[38;5;234;48;5;65m▇[38;5;233;48;5;71m▇[38;5;235;48;5;148m▆[38;5;8;48;5;154m▖[38;5;234;48;5;112m▗[38;5;17;48;5;234m┈[38;5;30m▂[38;5;6;48;5;78m▚[38;5;67;48;5;24m▖[38;5;25;48;5;17m▄[38;5;17;48;5;91m▇[38;5;54;48;5;17m▁[38;5;234;48;5;233m▁[38;5;17;48;5;54m▆[48;5;233m▖[48;5;232m [38;5;232;48;5;16m▋[0m
[38;5;16;48;5;232m▉[38;5;233m▗[38;5;234m▝[38;5;233;48;5;16m▎[38;5;25;48;5;17m┋┋[38;5;24m▋[38;5;233;48;5;234m┊[38;5;53m╎[38;5;17;48;5;236m┈[38;5;89m▁[38;5;95;48;5;23m▇[38;5;53;48;5;236m╸[38;5;65;48;5;23m▁[38;5;106;48;5;237m╱[48;5;236m▘[38;5;184m▄[38;5;190;48;5;184m╴[38;5;236;48;5;148m▄[38;5;234;48;5;235m╴[48;5;190m [38;5;190;48;5;184m▉▉[38;5;235;48;5;234m▏[38;5;100m╺[38;5;236;48;5;148m▄[38;5;17m▆[38;5;23;48;5;235m╶[48;5;234m╴[38;5;142m▗[38;5;58;48;5;190m▘ [38;5;101m▗[38;5;149;48;5;234m▘[38;5;24m▗[48;5;233m▃[38;5;235m╺[38;5;233;48;5;234m╴[38;5;4;48;5;233m▝[38;5;234;48;5;238m▇[48;5;190m▎  [38;5;184;48;5;234m▏[38;5;53;48;5;235m╴[38;5;233;48;5;234m╴ [38;5;1m╴[38;5;236;48;5;190m▃[38;5;8m▃[38;5;237m▃[38;5;100;48;5;235m▁[48;5;234m▁▁[38;5;8m▁[38;5;237m╵[38;5;226;48;5;8m▗[38;5;215;48;5;184m╴[38;5;203;48;5;149m▁[38;5;236;48;5;148m▗[38;5;233;48;5;234m┊[38;5;17;48;5;233m▝[38;5;143;48;5;234m▗[38;5;236;48;5;185m▝[38;5;233;48;5;234m┊[48;5;233m [38;5;234;48;5;8m▇[38;5;17;48;5;234m╷[38;5;24;48;5;236m▝[38;5;4;48;5;31m▆[38;5;17;48;5;25m▁[38;5;24;48;5;68m▇[38;5;97;48;5;24m╺[38;5;91;48;5;17m▇[38;5;55;48;5;53m▎[48;5;17m▅[38;5;92m▖[38;5;233;48;5;18m▃[38;5;4;48;5;232m▘[48;5;16m [0m
[38;5;16;48;5;232m▉[38;5;233m▁[38;5;232;48;5;16m╎▘[48;5;233m╴[38;5;233;48;5;234m┈[38;5;237m▘[38;5;24;48;5;17m▗[38;5;126;48;5;60m▝[38;5;4;48;5;89m▆▆[38;5;37;48;5;239m▁[38;5;38;48;5;60m┏[38;5;235;48;5;106m▅[38;5;142;48;5;235m▄[38;5;184;48;5;106m▇[38;5;58;48;5;148m▗[38;5;184;48;5;236m▂[48;5;234m▃[48;5;236m▄[48;5;190m [38;5;119m▂[38;5;154;48;5;236m▉[38;5;234;48;5;233m▎[38;5;19;48;5;17m▖[38;5;233;48;5;4m▅[38;5;17;48;5;234m┊[38;5;234;48;5;235m┊[38;5;142;48;5;234m▆[48;5;190m [38;5;155m▁[38;5;234;48;5;149m▗[48;5;239m▇[38;5;237;48;5;235m╵[38;5;24;48;5;17m▁[38;5;234;48;5;23m▄[38;5;30;48;5;235m▝[38;5;236;48;5;30m▄[38;5;23;48;5;234m▃[38;5;233m╴[38;5;234;48;5;190m▎[38;5;209m▂[38;5;215;48;5;226m▋[38;5;184;48;5;234m▎[38;5;89;48;5;235m┃[38;5;234;48;5;233m╴[38;5;70m▃[38;5;235;48;5;100m▌[38;5;178m▇[38;5;209;48;5;184m╾[38;5;64m▁[38;5;239m▁[38;5;64;48;5;190m▁[38;5;237m▗[38;5;236;48;5;3m▇[38;5;235;48;5;106m▉[38;5;226;48;5;184m╴[38;5;154;48;5;173m▗[38;5;178;48;5;203m▃[38;5;100;48;5;234m▎[38;5;233;48;5;235m┊[38;5;142m▅[38;5;83;48;5;155m▁[38;5;119;48;5;190m▁[38;5;64;48;5;112m▝[38;5;112;48;5;235m▖[38;5;234;48;5;233m╹[38;5;31;48;5;234m╶[38;5;233m╴[38;5;53m▖[38;5;234;48;5;233m▏[38;5;233;48;5;54m▄[48;5;17m╴[38;5;53;48;5;234m╹[38;5;54;48;5;233m▝[38;5;233;48;5;91m▅[38;5;232;48;5;53m▇[38;5;233;48;5;16m╴  [0m
[7m[38;5;16m [0m[38;5;16;48;5;233m▇[38;5;233;48;5;232m╻[38;5;53m▗[38;5;232;48;5;233m╴[38;5;234;48;5;53m▅[38;5;53;48;5;236m╵[38;5;17;48;5;31m▌[38;5;38;48;5;24m▌[38;5;235;48;5;31m▄[38;5;142;48;5;23m▂[38;5;184m▃[38;5;190;48;5;235m▄[38;5;64;48;5;190m▘[38;5;226;48;5;184m╴[38;5;173;48;5;190m▗[38;5;203m▅[38;5;173;48;5;184m▆[38;5;106;48;5;148m▁[38;5;58;48;5;184m▖[38;5;154;48;5;43m▎[38;5;79m┊[38;5;154;48;5;236m▊[38;5;236;48;5;234m╴[38;5;19;48;5;233m▌[38;5;23m╺[38;5;184;48;5;236m▗[38;5;43;48;5;149m▗[48;5;155m▆[38;5;42;48;5;113m▘[38;5;185;48;5;236m▘[48;5;233m [38;5;235;48;5;234m▝┊[38;5;106;48;5;237m▆[38;5;190;48;5;234m▇[38;5;234;48;5;142m▗[38;5;235;48;5;236m▇[38;5;4;48;5;233m▗[38;5;234m╶[38;5;235;48;5;190m▎[38;5;113;48;5;209m▁[38;5;79;48;5;179m╻[38;5;226;48;5;234m▎[38;5;233;48;5;53m▆[38;5;1;48;5;233m▗[38;5;234;48;5;23m▇[38;5;190;48;5;236m▗[38;5;179;48;5;234m▆▆[38;5;142;48;5;235m▆[38;5;234;48;5;17m╴[38;5;233;48;5;234m╴[38;5;234;48;5;58m▇[38;5;19;48;5;17m┨[38;5;234;48;5;148m▊[38;5;190;48;5;78m▌[38;5;43;48;5;113m▄[38;5;78;48;5;148m▃[38;5;106;48;5;235m▏[38;5;53;48;5;233m▁[38;5;235;48;5;234m▁[38;5;113;48;5;236m▝[38;5;72;48;5;44m▆[38;5;107;48;5;235m▘[38;5;4;48;5;233m▂ [38;5;23;48;5;17m╷[38;5;89;48;5;234m╺[38;5;234;48;5;236m▇[38;5;53;48;5;234m▝[48;5;235m╹[48;5;17m▘[38;5;74;48;5;24m━[38;5;126;48;5;53m┭[38;5;5;48;5;234m▖[38;5;233;48;5;232m▋[48;5;16m  [38;5;232m╴[0m
[38;5;16;48;5;16m  [48;5;232m╴[48;5;233m [38;5;89;48;5;234m╻[38;5;17;48;5;53m▉[38;5;90;48;5;24m▖[38;5;23;48;5;38m╺[38;5;24;48;5;17m▎[38;5;234;48;5;100m▆[38;5;236;48;5;142m━[38;5;77;48;5;154m▂[38;5;43m▄[38;5;79;48;5;112m━[38;5;235;48;5;148m▂[38;5;234;48;5;142m▃▅[38;5;233;48;5;106m▆[48;5;233m [38;5;234;48;5;154m▍[38;5;78;48;5;44m▏[38;5;77;48;5;79m▗[38;5;148;48;5;233m▊[38;5;233;48;5;18m▉[38;5;58;48;5;17m▁[38;5;234;48;5;113m▘[38;5;44;48;5;154m▃[38;5;43;48;5;119m┎[38;5;148;48;5;71m╱[38;5;184;48;5;235m▂[38;5;226m▂[38;5;185m▃[38;5;149;48;5;233m▄[38;5;143;48;5;236m▆[38;5;44;48;5;173m▁[38;5;78m▂[38;5;106;48;5;234m▏[38;5;18m▘[38;5;233;48;5;19m▋[38;5;235;48;5;233m╵[38;5;248;48;5;113m▖[38;5;77;48;5;43m▂[38;5;44;48;5;154m▊[38;5;148;48;5;233m▍[38;5;19;48;5;17m┃[38;5;53;48;5;233m╺ [38;5;106;48;5;236m▂[38;5;184;48;5;66m▃[38;5;240;48;5;107m╹[38;5;184;48;5;65m▄[38;5;185;48;5;17m▄[38;5;150;48;5;4m▄[48;5;17m▄[38;5;155;48;5;236m▃[38;5;191;48;5;234m▃[38;5;234;48;5;71m━[38;5;23;48;5;44m▅[38;5;24m╴[38;5;190;48;5;72m╲[38;5;142;48;5;235m▂[38;5;233m▇[38;5;235;48;5;234m╸[38;5;64m▘[38;5;235;48;5;233m╺[38;5;233;48;5;235m╴[38;5;142m▄[38;5;210;48;5;237m▇[38;5;204;48;5;179m▅▅[38;5;236;48;5;137m▗[38;5;235;48;5;142m▆[38;5;236;48;5;234m╷[38;5;31m▗[38;5;38;48;5;54m▖[48;5;17m [48;5;233m [48;5;232m [48;5;16m  [0m
[38;5;16;48;5;232m▉┊┊ [48;5;233m [38;5;53;48;5;17m╶[38;5;60;48;5;4m╶[38;5;17;48;5;25m▄[38;5;106;48;5;235m▗[38;5;237;48;5;113m▘[38;5;73m┎[48;5;154m▅[38;5;71;48;5;65m▋[38;5;106;48;5;234m▘[38;5;18;48;5;233m╶[38;5;233;48;5;4m▃[48;5;18m▄[48;5;234m┊[48;5;233m [38;5;234;48;5;112m▏[38;5;113;48;5;43m▘[38;5;44;48;5;79m▉[38;5;154;48;5;237m▋[38;5;190;48;5;234m▂[38;5;100;48;5;236m▝[38;5;31;48;5;38m╴[38;5;74m╶[38;5;179;48;5;44m▝[38;5;44;48;5;179m▅[38;5;79;48;5;185m▇[38;5;83;48;5;43m╼[38;5;138m─[38;5;23;48;5;80m▂[38;5;233;48;5;73m▂[38;5;235;48;5;80m▃[38;5;233;48;5;66m▃[38;5;235;48;5;233m▗[38;5;236m▁[38;5;233;48;5;19m▋[48;5;233m [38;5;85;48;5;240m┗[38;5;154;48;5;44m▘[38;5;44;48;5;71m▉[38;5;112;48;5;235m▘[38;5;26;48;5;17m┃[38;5;235;48;5;233m╶[38;5;53m╸[38;5;148;48;5;234m▝[38;5;41;48;5;78m▃[38;5;233m▁[38;5;23;48;5;44m▂[38;5;234m▁▁▁[38;5;236m▁[38;5;77;48;5;29m▉[38;5;36;48;5;23m▂[38;5;234;48;5;30m▌[38;5;23;48;5;68m▖[38;5;45;48;5;103m▅[38;5;44;48;5;155m▆[38;5;80;48;5;142m▅[48;5;100m▄[38;5;185;48;5;66m╸[38;5;38;48;5;101m▄[38;5;74;48;5;143m▅[38;5;38;48;5;174m▇[48;5;133m▇[38;5;23;48;5;38m▁[38;5;235;48;5;31m▄[38;5;17;48;5;233m▁[38;5;19m▂[38;5;54;48;5;17m▁╻[38;5;53m▗[48;5;233m▏[38;5;16m▇[48;5;16m   [0m
[38;5;16;48;5;16m [48;5;232m▋[38;5;235;48;5;233m▗[38;5;53m▂[38;5;89;48;5;17m▃[48;5;235m╱[38;5;64;48;5;234m▗[38;5;234;48;5;77m▘[38;5;38;48;5;71m┷[38;5;132;48;5;29m▝[38;5;148;48;5;73m▆[48;5;78m▇[38;5;190;48;5;240m━[38;5;143;48;5;234m▆[38;5;149;48;5;237m━[38;5;233;48;5;64m▄[48;5;234m┈[38;5;23m╵[38;5;8m▁[38;5;77;48;5;148m▝[38;5;118;48;5;78m┙[38;5;74;48;5;132m▃[38;5;72;48;5;226m▇[38;5;235;48;5;77m▅[38;5;234;48;5;30m▉[38;5;233;48;5;44m▃[48;5;43m▄▅[48;5;37m▆[38;5;234m▇[38;5;31;48;5;17m▁[38;5;32;48;5;4m▂[38;5;4;48;5;233m▃ [38;5;53;48;5;234m▁[38;5;126;48;5;235m▂▅[38;5;90;48;5;233m▃[38;5;17;48;5;25m▋[48;5;234m╶[38;5;31;48;5;17m╶[38;5;23;48;5;45m▏[38;5;38;48;5;23m▘[38;5;53;48;5;233m╶[38;5;25;48;5;17m┗[38;5;234m┊[38;5;166;48;5;234m╺[38;5;1;48;5;233m╸[38;5;71;48;5;234m▊[38;5;234;48;5;233m╷[38;5;53m▁[38;5;235;48;5;234m┄[38;5;89m▄[38;5;126;48;5;235m▃[38;5;53;48;5;148m▉[38;5;112;48;5;239m▏[38;5;89;48;5;233m▂  [38;5;233;48;5;37m▆[38;5;234;48;5;45m▅[48;5;39m▄▃▃[38;5;23;48;5;38m▃[38;5;235;48;5;39m▄[38;5;17;48;5;31m▃▆[38;5;4;48;5;233m╺▂[38;5;17;48;5;19m▘[48;5;55m▂[48;5;91m▃[38;5;4;48;5;17m▏[38;5;17;48;5;233m▏[38;5;234m╴[38;5;233;48;5;232m╴[48;5;16m   [0m
[7m[38;5;16m [0m[38;5;16;48;5;232m▉[38;5;235;48;5;234m╶[38;5;53;48;5;89m▌[38;5;233m━[38;5;53;48;5;233m▂[38;5;233;48;5;64m▇[38;5;17;48;5;233m▃[38;5;22m▏[38;5;70;48;5;236m╱[38;5;236;48;5;148m▄[38;5;234;48;5;107m▅[38;5;233;48;5;71m▇[38;5;53;48;5;17m▂[38;5;235;48;5;234m╻[48;5;17m╼[38;5;89;48;5;234m▂[48;5;233m▖[38;5;234;48;5;151m▊[38;5;113;48;5;112m▁[38;5;29;48;5;113m▗[38;5;234;48;5;71m▅[38;5;233;48;5;234m╴[48;5;17m▚[38;5;17;48;5;234m╴[38;5;78m▂[38;5;38;48;5;233m▄[38;5;31;48;5;234m▅[38;5;38;48;5;23m╸[38;5;234;48;5;25m▅[38;5;235m▇[38;5;233;48;5;234m┈[38;5;5m╴[38;5;234;48;5;53m▋[38;5;53;48;5;90m▁[38;5;126;48;5;162m▖[38;5;163m┊ [38;5;235;48;5;5m━[38;5;54;48;5;234m▁[38;5;17;48;5;53m▉[38;5;23;48;5;44m▋[38;5;24;48;5;234m┖[38;5;5m▗[38;5;54;48;5;17m┏[38;5;104;48;5;54m▂[38;5;97;48;5;17m▅[38;5;90;48;5;235m▄[38;5;148;48;5;95m┃[38;5;203;48;5;234m▃[38;5;167m▃[38;5;125;48;5;53m▃[48;5;162m▁[38;5;203m┐[38;5;168;48;5;184m▉[38;5;184;48;5;167m▏[38;5;53;48;5;161m▝[38;5;125;48;5;235m▃[38;5;53m▏[38;5;88;48;5;234m╷[38;5;234;48;5;233m╷[38;5;4m▂▄[48;5;232m [38;5;38;48;5;17m│[38;5;17;48;5;234m▝[38;5;54m▃[48;5;233m▅[38;5;4;48;5;62m▋[38;5;55;48;5;19m▄[38;5;233;48;5;18m╺[48;5;4m▅[38;5;53;48;5;234m└▗[48;5;233m▖[38;5;16;48;5;232m┊[48;5;16m    [0m
[38;5;16;48;5;16m  [38;5;232;48;5;235m▉[38;5;53;48;5;233m╴[38;5;234;48;5;53m▅[38;5;19;48;5;17m▗[38;5;17;48;5;55m▘[38;5;55;48;5;17m▍[38;5;4;48;5;233m▃[38;5;234m╵[38;5;17m┙[38;5;235m▁[38;5;53;48;5;234m▂╴[38;5;89m─[38;5;53;48;5;125m▎[38;5;167;48;5;162m╌[38;5;236;48;5;161m▝[38;5;237;48;5;241m▇[38;5;234;48;5;251m▅[38;5;233;48;5;234m╴[38;5;89m╺▁[38;5;167;48;5;235m▄[38;5;236;48;5;143m▂[38;5;24;48;5;114m▄[48;5;72m▇[48;5;17m╸[38;5;32m▂[38;5;31;48;5;23m▁[38;5;24;48;5;17m▗[38;5;31;48;5;23m┙[38;5;17;48;5;24m▇[38;5;5;48;5;234m▘[38;5;54;48;5;235m▅[48;5;162m▊[38;5;162;48;5;54m▍[38;5;53;48;5;126m▄[38;5;4;48;5;55m▖[38;5;91;48;5;53m▅[38;5;53;48;5;17m┙[38;5;237;48;5;43m▋[38;5;60;48;5;17m▗[38;5;81;48;5;54m▂[38;5;97;48;5;60m╷[38;5;61;48;5;110m▆[38;5;134;48;5;98m╻[48;5;53m [38;5;142;48;5;8m▊[38;5;235;48;5;161m▆[38;5;89;48;5;235m╶[38;5;53;48;5;236m╵[48;5;162m▋[38;5;198;48;5;125m▋[38;5;126;48;5;203m▇[48;5;125m [38;5;89;48;5;162m▃[38;5;203;48;5;125m▆[38;5;202;48;5;89m▖[38;5;89;48;5;235m╍[38;5;125;48;5;17m▘[38;5;234;48;5;53m━[38;5;53;48;5;90m▝[38;5;233;48;5;53m▊[38;5;32;48;5;5m▝[38;5;90;48;5;54m▂[38;5;5m▁[38;5;90;48;5;5m▗[38;5;17;48;5;53m▝[38;5;233;48;5;235m▉[38;5;232;48;5;4m▅[38;5;233;48;5;17m▇[48;5;232m▌[38;5;17m▗▃[38;5;233m╹[38;5;234m╾[38;5;16m┈[48;5;16m  [0m
[38;5;16;48;5;16m  [48;5;232m╴[38;5;17;48;5;233m╶[38;5;54;48;5;235m━[48;5;17m▇[38;5;55;48;5;54m▚[48;5;55m [48;5;18m▆[38;5;54;48;5;17m▅[48;5;234m▆[38;5;17;48;5;53m▁[38;5;233m▃[38;5;53;48;5;17m▇[38;5;89;48;5;235m╵[38;5;125m▝[38;5;53;48;5;161m┏[38;5;125m┓[48;5;197m▁[48;5;233m▍[38;5;162;48;5;236m▗[38;5;125;48;5;235m▅[38;5;235;48;5;125m▆[38;5;236;48;5;234m▘[38;5;238m╹[38;5;23m╴[38;5;233;48;5;23m▇[38;5;25m▝[38;5;17;48;5;32m▄[38;5;32;48;5;17m▘[38;5;233;48;5;234m▆[38;5;232;48;5;233m┈[38;5;234m╷[38;5;232m┈[38;5;52m╴[38;5;234;48;5;126m▊[38;5;163;48;5;17m▎[38;5;126;48;5;53m┗[38;5;53;48;5;17m╵[38;5;5m╵[38;5;235m┊[38;5;17;48;5;42m▋[48;5;17m [38;5;53;48;5;74m▆[38;5;54;48;5;61m▅[38;5;4m▃▆[38;5;238;48;5;235m╹[38;5;234;48;5;106m▇[38;5;89;48;5;234m▗[38;5;234;48;5;236m▉[38;5;89;48;5;235m╴[38;5;53;48;5;161m▊[38;5;161;48;5;53m▌  [38;5;234m▇[48;5;203m▇[38;5;235;48;5;125m▇[38;5;53;48;5;236m╸[38;5;17;48;5;54m▇[48;5;236m [38;5;110;48;5;54m▃[38;5;53;48;5;234m▝[48;5;126m▃[48;5;125m▁[38;5;234;48;5;5m▇[38;5;233;48;5;53m▆[38;5;234;48;5;235m▉[38;5;235;48;5;233m╵[38;5;234;48;5;232m└[38;5;53;48;5;233m╾[38;5;234;48;5;232m▁[38;5;17m▝[38;5;232;48;5;4m▅[48;5;16m   [38;5;16;48;5;233m▆[48;5;16m [0m
[38;5;16;48;5;16m  [48;5;232m┈[38;5;53m▂[38;5;17m╼[38;5;233;48;5;17m▍[48;5;4m▃[38;5;18;48;5;54m▆[38;5;54;48;5;90m▘[38;5;90;48;5;54m▍[38;5;233m▄[38;5;5;48;5;235m▘[38;5;53;48;5;233m▁╻[38;5;235m╴[48;5;89m▆[38;5;53;48;5;125m▝[38;5;235m▅[38;5;161;48;5;53m┫[38;5;89;48;5;234m╸[38;5;234;48;5;161m▋[38;5;125;48;5;235m▏[38;5;236;48;5;23m▉[38;5;24;48;5;234m▘[38;5;101;48;5;235m▖[38;5;232;48;5;233m╴[38;5;235m▗[38;5;237m▁[38;5;236m▁[38;5;232m╴[38;5;31m▁[38;5;23;48;5;232m▁[38;5;232;48;5;233m┊[38;5;236m╵[38;5;233;48;5;234m╴[38;5;234;48;5;162m▉[38;5;162;48;5;17m▎[38;5;89m▁[38;5;232;48;5;233m┈[38;5;234;48;5;89m▇[38;5;24;48;5;17m▁[38;5;17;48;5;43m▌[38;5;30;48;5;236m▏[48;5;17m [38;5;236;48;5;234m▁[38;5;17;48;5;235m┈[38;5;53m╵[38;5;237;48;5;234m╸[38;5;233m╴[38;5;238m▃[38;5;237m▖[38;5;233m╴[38;5;235;48;5;167m▉[38;5;167;48;5;17m▍[38;5;234m▗[38;5;233;48;5;234m╴[38;5;17m╴[38;5;233m┈[38;5;16;48;5;232m┈[38;5;233m┄[48;5;4m▊[38;5;17;48;5;233m▏[38;5;235;48;5;55m▍[38;5;234;48;5;53m▗[38;5;235;48;5;233m╸[38;5;233;48;5;89m▚[48;5;53m▇[38;5;89;48;5;233m▁[38;5;53m▂[38;5;234;48;5;232m┊[38;5;17m╻[38;5;232;48;5;16m▄[38;5;16;48;5;233m▇[38;5;234;48;5;232m▝[38;5;233m╷[48;5;16m     [0m
[38;5;16;48;5;16m  [38;5;232m╵[38;5;16;48;5;235m▇[48;5;16m [38;5;4;48;5;233m┃[38;5;234;48;5;232m╴[38;5;16;48;5;17m▄[38;5;232;48;5;5m▆[38;5;234;48;5;53m▃[48;5;232m [38;5;53;48;5;233m╶[38;5;235;48;5;5m▇[38;5;233;48;5;53m▉[38;5;53;48;5;233m▏[38;5;234;48;5;89m▉[38;5;125;48;5;235m▌[38;5;235;48;5;233m▏[38;5;59;48;5;234m╹[38;5;232;48;5;233m╴[48;5;167m▋[38;5;88;48;5;234m▏[38;5;236;48;5;162m▅[38;5;233;48;5;234m╴[38;5;235;48;5;17m╶[38;5;238;48;5;235m╶[38;5;18;48;5;233m▂[38;5;17m▂ ▂[48;5;23m▇[38;5;25;48;5;233m▁[38;5;4m▁[38;5;232m╴[38;5;17m▂[38;5;232m┈[48;5;234m╴[38;5;17;48;5;233m▂[38;5;233;48;5;17m┊[38;5;4m▗▏[38;5;237;48;5;31m▆[48;5;17m  [38;5;234;48;5;233m╵[38;5;235m╵ [38;5;236m▝[38;5;237;48;5;234m┕[38;5;235;48;5;233m▝[38;5;234;48;5;23m▇[38;5;232;48;5;234m┈[38;5;233;48;5;236m▉[38;5;89;48;5;234m▘[38;5;233;48;5;17m▆[48;5;233m [38;5;234m┊[38;5;235;48;5;232m▖ [38;5;233m┊[38;5;235;48;5;233m╷[38;5;16;48;5;232m╴[38;5;26;48;5;17m┗[38;5;234;48;5;232m╶[38;5;233m╴[38;5;232;48;5;233m╴[38;5;235;48;5;126m▋[38;5;53;48;5;162m▂[38;5;89;48;5;234m▏[38;5;233;48;5;232m╶╶[38;5;234m╴[38;5;233m▁[48;5;16m▁[38;5;232m▁╴ [48;5;232m [48;5;16m  [0m
[7m[38;5;16m [0m[38;5;1;48;5;16m    [38;5;17;48;5;232m┗[38;5;18m▁[38;5;4;48;5;233m▁[38;5;17;48;5;232m▎[48;5;233m▍[38;5;233;48;5;17m▇[38;5;4;48;5;233m╸[38;5;232m┈[48;5;126m▎[38;5;234m▗[38;5;52;48;5;232m╹[38;5;232;48;5;233m┈▇[38;5;16m╴[38;5;234;48;5;232m▁[48;5;167m▋[38;5;89;48;5;17m▏[38;5;53m╹[38;5;24m┈ [38;5;233;48;5;237m┈[38;5;17;48;5;18m▇[38;5;4;48;5;17m╸[38;5;18m╽[38;5;60m╶[38;5;97m╴[38;5;17;48;5;25m▇[38;5;232;48;5;17m▇[48;5;233m▆▆[38;5;233;48;5;236m▉[38;5;238;48;5;233m▎[38;5;17m┩[38;5;232;48;5;17m▂[38;5;18m▝[38;5;4m▘[38;5;237;48;5;234m╿[38;5;235m╶[38;5;24;48;5;17m▂[38;5;25;48;5;233m▂[48;5;17m▂[38;5;17;48;5;234m▏[38;5;238m╺[38;5;130;48;5;237m┗[38;5;89;48;5;235m┕[38;5;53m┚[38;5;234;48;5;238m▇[48;5;237m▇[38;5;53;48;5;235m▏[38;5;236;48;5;234m▏[38;5;233m╴[38;5;88;48;5;52m┓[48;5;233m [48;5;232m  [38;5;16m┈┊[38;5;17;48;5;233m▄[48;5;232m [38;5;53;48;5;233m╹[38;5;89;48;5;234m╶[48;5;233m [48;5;232m╹  [38;5;235m╴[38;5;233m▁╴ ╶[38;5;232;48;5;17m▇[38;5;16;48;5;233m▆[48;5;16m   [0m
[7m[38;5;16m [0m[38;5;1;48;5;16m    [48;5;232m [38;5;232;48;5;17m▇[48;5;232m  [38;5;17m▍[38;5;16m▆▇[38;5;232;48;5;16m╵▁[38;5;233;48;5;232m╴[38;5;232;48;5;233m┈[38;5;53;48;5;232m╺[38;5;232;48;5;233m┊[38;5;17;48;5;232m▃[48;5;233m▂[38;5;235;48;5;167m▌[38;5;131;48;5;235m▎[38;5;234;48;5;239m▆[38;5;232;48;5;17m▅[38;5;233;48;5;234m┈[38;5;232;48;5;233m╴[38;5;233;48;5;232m╵┄[48;5;17m [48;5;233m [48;5;232m  ╴ [38;5;17m▁[38;5;232;48;5;234m▉[38;5;53;48;5;232m▎[48;5;233m┍[48;5;232m [38;5;4m▗[48;5;233m▖[38;5;23;48;5;234m│[38;5;4;48;5;17m╺[38;5;18m┗[38;5;17;48;5;25m▄[38;5;39;48;5;24m▘[38;5;4;48;5;233m▎ [38;5;237;48;5;234m╹[38;5;234;48;5;233m╏[38;5;17m▃ [38;5;233;48;5;53m▉[38;5;89;48;5;234m▖[38;5;233;48;5;53m▆[38;5;53;48;5;234m━[38;5;166;48;5;89m╻[38;5;53;48;5;234m▁[38;5;234;48;5;233m╵[38;5;17;48;5;234m┶[38;5;234;48;5;233m╌[38;5;235m─[38;5;17m▖[38;5;234m╶▏[38;5;235m╻ [38;5;232m┊[38;5;234m╺[48;5;232m     [38;5;232;48;5;16m┳╵    [0m
[7m[38;5;16m [0m[38;5;1;48;5;16m     [38;5;16;48;5;232m▅ [38;5;233m▝[38;5;17;48;5;233m▘[48;5;232m  [38;5;233m╵  ┈[38;5;234;48;5;233m╵[38;5;53m╺[48;5;235m╃[48;5;233m╸[38;5;233;48;5;89m▆[48;5;233m [48;5;232m┈ [38;5;232;48;5;233m╴[48;5;17m╴[48;5;233m┊┈[48;5;17m▇[48;5;233m▗[38;5;233;48;5;232m▘┊╹[38;5;18;48;5;233m▗[48;5;17m▊[38;5;233;48;5;53m▊[38;5;53;48;5;232m▍[38;5;54;48;5;233m╹[38;5;232;48;5;17m▅[38;5;233;48;5;4m▋[38;5;17;48;5;233m▍[38;5;24;48;5;17m╻[38;5;232;48;5;233m╴[38;5;233;48;5;17m▅▅[38;5;17;48;5;233m╹▎[38;5;233;48;5;17m▆[48;5;232m▍ [38;5;232;48;5;17m▅[48;5;232m [38;5;233;48;5;125m▊[38;5;125;48;5;235m▌[38;5;53;48;5;233m▖[38;5;233;48;5;234m▉[38;5;125;48;5;235m╹[38;5;234;48;5;54m▆[38;5;4;48;5;234m━[48;5;17m [38;5;17;48;5;233m▍[38;5;234m▄[38;5;17m▌ [38;5;125;48;5;234m╺[38;5;53m╸╶[48;5;233m╴ [38;5;17m▁▁[48;5;232m▃ [38;5;232;48;5;16m╴      [0m
[38;5;16;48;5;16m        [48;5;232m▆╴[38;5;233m▂▃[38;5;17m╴ [38;5;16m▅[48;5;16m  [48;5;232m┈[38;5;233m▂[38;5;16;48;5;233m▂▆[38;5;17;48;5;232m▂[38;5;232;48;5;17m▘[38;5;53m▂[38;5;235m▄[48;5;233m▗[48;5;17m [38;5;233m╴[38;5;232;48;5;233m┊[38;5;17;48;5;232m▃[38;5;233m╵[38;5;232;48;5;233m▇[48;5;232m [38;5;17m▝[38;5;233;48;5;17m▃[38;5;232;48;5;233m┊[38;5;233;48;5;235m▇[48;5;232m╹[38;5;17m╶[38;5;232;48;5;233m▇ [38;5;17m▝[38;5;233;48;5;232m▗   [38;5;232;48;5;233m▇[48;5;232m [38;5;16m▅ [48;5;16m  [38;5;233;48;5;53m▋[38;5;89;48;5;235m▘[38;5;232;48;5;233m▅▆ [38;5;233;48;5;232m▏╸[38;5;17;48;5;233m┆[38;5;233;48;5;17m▄[38;5;17;48;5;233m━▖[38;5;232m▄[48;5;234m▅[38;5;234;48;5;233m▁[38;5;232m▇[48;5;232m [48;5;233m▇[48;5;17m▇[38;5;233m▆[38;5;232m▆[48;5;233m▇[48;5;16m▘      [0m
[38;5;16;48;5;16m       [38;5;232m╼[48;5;232m [38;5;16;48;5;233m▅▇[48;5;16m  [38;5;232m╺   [38;5;16;48;5;233m▇[48;5;16m  [38;5;232;48;5;233m▘[48;5;17m▄▅[48;5;234m▇[48;5;233m▇[38;5;233;48;5;232m╵[38;5;17;48;5;233m┃[38;5;232m▋[38;5;233;48;5;232m╱▘[38;5;16m▃[38;5;233m▃[38;5;16m▇▃[38;5;233m━[38;5;16m▅ ▅▅▄[38;5;232;48;5;16m▘ [38;5;233;48;5;232m▝[38;5;232;48;5;16m▏ [38;5;16;48;5;232m▉[38;5;232;48;5;16m▘     [48;5;233m▋▃[38;5;234;48;5;232m▘ [38;5;232;48;5;233m▇[48;5;232m [38;5;16m▆[38;5;233m▝[38;5;232;48;5;16m▘[38;5;16;48;5;233m▇[48;5;17m▇[48;5;16m  [48;5;233m▇▅[38;5;233;48;5;16m━▖[38;5;232m╶[38;5;16;48;5;232m▅▆[38;5;232;48;5;16m╺╸      [0m
[7m[38;5;16m [0m[38;5;1;48;5;16m                   [38;5;16;48;5;233m▇[48;5;16m     [48;5;232m▇▇[48;5;16m   [48;5;232m▇[48;5;16m          [48;5;232m▇[48;5;16m         [48;5;232m▇▆[48;5;16m                          [0m
[?25h